Orientation Sensor Raw Data Test

Current Temperature: 30 C

Calibration status values: 0=uncalibrated, 3=fully calibrated
time	eul_z	eul_y	eul_x	linA_x	linA_y	linA_z	cal_sys	cal_gyr	cal_acc	cal_mag
1161	0.00	0.00	0.00	0.00	0.00	0.00	
135	0.00	0.00	0.00	0.00	0.00	0.00	
107	0.00	0.00	0.00	0.00	0.00	0.00	
108	0.00	0.00	0.00	0.00	0.00	0.00	
107	0.00	0.00	0.00	0.00	0.00	0.00	
110	32.19	5.50	-28.94	1.03	0.23	-3.80	
109	47.88	-10.75	-49.31	-0.34	-1.17	0.86	
110	68.69	-32.31	-63.81	-0.60	-1.42	16.78	
109	90.37	-55.88	-56.31	6.01	-0.48	19.68	
108	105.50	-76.81	-20.56	11.30	1.67	10.27	
109	126.25	-71.50	68.44	11.58	5.47	1.72	
111	154.63	-49.00	72.62	11.68	8.76	-2.33	
110	187.13	-29.75	63.88	11.65	12.41	3.30	
107	218.81	-21.06	57.06	5.35	16.05	17.23	
110	243.88	-3.81	59.81	0.60	17.07	21.22	
107	267.56	17.06	72.75	0.55	15.32	10.23	
108	292.25	37.63	81.69	-3.09	11.98	0.68	
109	312.75	58.38	80.31	-7.68	8.32	0.59	
108	331.56	69.50	162.56	-4.18	7.12	-2.93	
111	307.63	21.37	-166.31	3.18	6.59	-9.92	
108	289.25	-27.69	175.88	12.21	6.98	-16.51	
111	6.00	-33.81	143.38	17.10	9.18	-20.45	
109	52.06	-26.94	113.56	11.10	12.98	-15.80	
110	79.56	-24.94	88.06	6.23	13.48	-10.81	
109	97.37	-27.25	67.25	4.88	10.42	-7.75	
110	112.25	-28.94	50.25	4.40	8.13	-5.11	
107	133.56	-32.63	40.44	3.69	6.38	-4.71	
108	164.44	-49.06	46.94	-0.53	7.25	-1.80	
111	208.81	-54.25	86.75	-7.83	10.89	6.45	
109	248.31	-42.63	102.44	-14.51	13.76	10.57	
110	268.88	-24.94	95.62	-13.52	16.07	12.50	
107	262.69	-11.00	106.44	-7.56	16.33	9.78	
110	246.13	1.81	128.06	-3.04	12.23	4.31	
107	37.63	0.06	146.31	1.41	6.85	2.70	
110	17.56	-11.88	160.44	1.58	3.97	2.60	
109	357.50	-13.94	168.63	2.41	3.93	2.45	
110	332.63	-20.00	175.44	7.87	3.56	-1.72	
109	117.37	-11.69	171.50	9.26	4.90	-4.29	
108	91.00	-5.44	161.56	9.73	8.68	-4.76	
111	72.94	3.44	148.00	11.41	12.21	-7.46	
109	271.19	9.88	128.81	7.35	14.34	-8.65	
110	271.25	13.00	104.44	3.31	15.52	-10.27	
107	264.56	10.19	79.75	3.29	15.32	-11.76	
108	255.31	8.00	54.69	3.33	12.93	-12.24	
109	247.81	11.56	24.56	3.11	9.78	-11.35	
110	244.69	8.63	-9.88	4.15	5.23	-9.37	
111	229.56	-20.12	-41.13	-0.89	-0.55	-1.01	
109	194.75	-26.44	-74.00	-10.47	-5.91	5.86	
108	161.81	-19.69	-97.06	-17.01	-6.22	9.90	
107	164.06	-30.62	-94.37	-12.96	-4.63	13.94	
110	175.75	-42.38	-61.88	-3.87	-3.26	9.28	
109	180.31	-26.37	-11.13	-0.22	-1.00	-2.68	
108	171.56	1.94	9.81	-0.72	-1.06	-10.49	
107	152.50	10.50	19.31	-5.01	1.51	-6.96	
108	130.63	10.38	21.37	-12.65	4.61	-4.43	
107	119.25	2.13	9.69	-19.38	7.22	0.52	
108	128.81	-0.37	6.50	-18.78	7.07	2.28	
107	150.13	4.50	11.81	-12.77	3.89	-1.71	
110	173.88	16.25	19.50	-7.97	2.78	-3.22	
111	195.63	31.56	22.44	-6.96	1.38	-6.86	
107	218.25	57.31	22.06	-7.38	-0.25	-11.88	
108	244.56	78.50	-37.88	-6.52	-1.82	-11.57	
109	272.88	63.94	-97.31	-3.93	-4.70	-8.18	
110	298.25	45.81	-101.81	-0.26	-6.58	-10.80	
109	299.88	37.06	-101.75	4.25	-6.32	-10.33	
108	279.25	37.88	-105.00	5.36	-6.94	-3.53	
107	252.06	44.44	-111.00	2.97	-7.92	3.22	
108	234.44	46.00	-119.56	0.55	-7.15	5.78	
111	208.69	46.94	-119.06	-0.65	-4.76	6.47	
111	173.38	52.00	-96.94	-1.50	-1.68	11.78	
110	150.75	55.75	-71.62	-1.55	0.25	15.05	
107	138.94	58.31	-34.25	-3.05	0.58	12.48	
108	125.56	41.25	0.06	-6.95	0.31	5.25	
109	117.44	22.69	12.88	-8.34	1.15	-0.48	
108	113.50	9.38	20.62	-8.93	3.30	-3.27	
107	115.06	4.50	27.75	-11.34	5.87	-2.62	
110	123.87	12.81	41.56	-13.03	8.79	0.23	
107	138.25	25.87	53.69	-13.42	8.27	0.59	
108	157.75	40.63	63.19	-11.83	5.16	-1.79	
107	173.13	50.88	61.31	-9.32	2.03	-4.44	
110	181.25	53.81	43.50	-7.06	-0.60	-3.85	
111	177.06	47.69	24.62	-6.70	-2.15	-2.82	
109	169.19	32.56	6.06	-9.52	-2.92	0.89	
108	160.19	8.69	-7.88	-11.70	-4.65	3.98	
107	158.25	-1.06	-12.31	-12.32	-4.74	4.10	
110	169.50	-2.00	-3.50	-13.58	-2.05	1.25	
109	192.88	6.13	9.13	-10.98	0.80	-5.46	
110	218.75	25.81	17.44	-4.84	2.23	-10.13	
107	239.13	43.56	19.75	-4.76	1.28	-11.52	
108	259.19	53.69	6.63	-5.80	-0.71	-12.68	
111	284.81	58.13	-32.44	-0.51	-0.48	-16.40	
109	317.94	42.31	-80.44	4.41	-0.38	-17.71	
110	338.19	21.69	-107.37	6.58	-3.94	-15.75	
109	196.00	8.31	-139.94	8.59	-2.60	-12.76	
108	193.06	-3.69	-176.56	7.68	3.09	-5.40	
107	186.31	-4.69	149.75	6.43	7.26	1.61	
108	3.94	1.63	118.00	5.72	11.74	4.51	
107	15.69	11.75	86.81	2.10	16.91	5.55	
110	43.75	13.81	43.06	-4.60	20.92	4.58	
111	71.62	-25.06	21.06	-13.02	20.39	4.76	
108	95.44	-27.94	24.12	-15.47	17.73	7.43	
109	115.12	-8.63	46.19	-6.65	15.91	7.69	
109	114.44	-2.25	75.31	0.24	15.01	3.51	
110	92.69	-14.56	108.25	-2.11	17.71	3.14	
109	32.50	-31.94	146.31	-7.70	20.17	8.37	
108	293.38	-48.88	-170.56	-7.98	14.69	9.18	
107	249.63	-54.69	-121.69	-3.62	5.38	6.33	
108	221.13	-51.25	-98.37	-2.83	0.28	4.97	
109	203.69	-61.69	-77.00	-2.19	0.35	1.63	
110	191.94	-65.56	-7.44	-5.26	1.15	-6.19	
111	198.06	-23.50	44.94	-9.84	4.75	-21.74	
109	258.13	27.06	46.69	-6.45	9.33	-22.33	
108	329.94	47.75	-5.88	-3.38	14.20	-12.94	
109	36.19	6.63	-25.44	-7.13	18.96	-8.17	
110	83.44	-21.25	4.19	-10.21	20.72	-2.43	
109	105.12	-16.12	33.56	-6.76	21.11	0.59	
108	111.94	-11.31	59.06	-1.28	16.67	0.98	
107	124.81	3.75	71.50	-1.15	10.78	-1.64	
108	139.44	16.25	82.44	-4.51	7.21	-1.69	
111	160.81	27.44	97.19	-8.71	5.76	-1.01	
111	191.25	40.31	124.06	-12.13	2.49	-1.40	
110	269.38	17.25	174.56	-16.77	0.22	-4.08	
107	252.81	-15.69	-167.06	-16.43	-2.27	-4.52	
108	209.75	-23.12	162.81	-2.18	-1.71	3.48	
109	171.06	12.31	149.00	7.82	4.88	7.05	
108	113.00	62.81	148.69	-0.75	7.80	7.69	
107	136.44	47.56	-18.19	-14.59	5.70	7.18	
110	133.06	5.38	-32.25	-19.91	4.77	1.99	
107	147.69	-9.50	-41.81	-14.01	5.29	-1.10	
108	172.56	-14.31	-34.94	-6.23	0.71	-2.02	
111	190.75	-22.75	-20.50	-3.26	-2.81	-2.83	
109	208.81	-32.06	-7.88	-0.63	-3.90	-5.00	
110	235.69	-28.37	15.63	3.19	-1.12	-4.24	
107	263.56	6.63	39.31	5.98	6.71	-6.79	
108	282.69	41.63	62.00	2.30	12.96	-11.17	
109	309.56	61.00	87.56	-4.98	15.90	-12.54	
110	338.19	68.19	51.19	-10.09	16.42	-11.47	
109	10.19	57.88	-15.94	-9.28	17.80	-16.34	
110	30.87	30.87	-48.88	-4.74	16.32	-21.15	
109	39.00	4.19	-81.12	-4.50	15.65	-17.06	
109	82.37	-25.87	-122.12	-2.77	16.61	-9.70	
110	173.38	-30.69	176.31	0.95	16.05	-0.69	
109	140.00	12.25	137.81	2.08	19.75	9.09	
110	104.44	58.75	41.19	-6.34	15.80	12.30	
107	112.31	38.00	23.94	-15.09	6.55	7.93	
108	126.75	30.37	29.31	-13.76	2.90	6.33	
107	144.69	29.87	39.75	-10.91	1.74	3.18	
110	166.19	38.25	55.75	-10.55	3.84	-2.49	
111	192.38	62.69	92.87	-11.92	3.83	-4.35	
109	227.19	57.75	-176.50	-10.95	-1.16	-4.22	
108	201.25	8.00	-156.50	-5.78	-7.10	-4.31	
107	182.31	-34.13	-156.88	4.90	-10.37	-9.34	
108	165.38	-41.75	176.81	11.99	-7.87	-10.11	
107	157.50	-38.63	157.94	11.93	-3.05	-3.65	
110	150.19	-29.94	152.88	10.53	-0.65	0.56	
109	148.13	-28.69	146.56	9.19	0.14	3.26	
108	245.69	-28.75	140.44	8.93	0.45	3.82	
107	244.69	-31.62	135.25	9.87	-0.13	2.64	
