Orientation Sensor Raw Data Test

Current Temperature: 30 C

Calibration status values: 0=uncalibrated, 3=fully calibrated
time	eul_z	eul_y	eul_x	linA_x	linA_y	linA_z	cal_sys	cal_gyr	cal_acc	cal_mag
1161	0.00	0.00	0.00	0.00	0.00	0.00	
135	0.00	0.00	0.00	0.00	0.00	0.00	
107	0.00	0.00	0.00	0.00	0.00	0.00	
108	0.00	0.00	0.00	0.00	0.00	0.00	
107	0.00	0.00	0.00	0.00	0.00	0.00	
108	8.88	-0.31	-2.13	-3.84	2.41	-7.51	
107	13.38	-2.19	-6.50	-7.46	2.91	-13.59	
110	16.00	-6.81	-14.56	-6.90	-1.56	-10.01	
107	11.75	-13.31	-28.69	-5.14	-3.14	-10.73	
110	8.81	-16.12	-38.69	-16.61	11.82	-9.81	
107	19.44	1.25	-25.37	-16.37	12.44	-25.66	
108	22.94	21.31	-5.19	0.85	-1.01	-7.58	
111	22.81	-7.13	-15.25	-16.49	-6.39	-8.76	
111	20.87	9.38	-15.88	-14.77	-11.32	-47.86	
110	19.62	31.75	-1.69	4.14	-8.97	-37.61	
107	25.56	45.19	18.56	-2.10	-4.23	-18.29	
108	34.50	47.94	27.62	-4.94	-0.50	-7.47	
109	41.44	41.38	22.75	12.00	-17.92	9.99	
108	42.63	-33.06	-34.06	-2.03	-21.15	-10.27	
107	72.69	2.44	-38.94	-5.40	4.36	-29.72	
110	81.50	6.75	-41.06	14.60	3.87	-19.63	
107	83.87	3.94	-18.37	9.48	-10.35	-11.11	
108	77.81	-36.06	-33.75	-10.31	-21.43	-21.05	
111	68.37	-15.75	-10.06	-9.12	-22.72	-43.41	
111	43.50	-14.81	5.19	7.84	-16.00	-32.65	
110	18.37	-35.50	12.63	-16.53	-26.57	-10.71	
107	29.31	-1.56	-28.56	-10.47	-21.53	-22.52	
108	35.44	23.56	-63.06	8.50	-4.31	-33.69	
109	40.19	32.25	-93.00	2.67	-3.78	-11.89	
108	42.00	17.37	-66.06	18.42	13.07	-23.63	
107	27.44	-33.94	-6.13	23.45	-0.66	-45.18	
110	37.88	-8.06	16.31	9.09	-20.30	-36.95	
107	27.75	0.37	20.44	4.78	-5.77	-19.46	
108	36.63	-10.19	18.06	-1.44	-8.99	-4.72	
111	30.44	-18.44	-30.50	-14.51	-10.36	-22.14	
109	53.31	10.44	-53.19	-8.17	-5.50	-38.34	
110	61.75	24.75	-71.25	3.14	-7.27	-18.77	
107	61.69	16.00	-65.19	17.66	10.74	13.61	
108	47.75	-26.37	-2.63	24.05	1.59	-6.35	
107	42.88	-3.63	4.94	8.38	-19.41	-34.50	
110	21.50	1.63	8.63	3.08	-7.18	-17.91	
109	10.69	1.69	13.31	-7.33	-15.26	-1.74	
110	1.63	9.88	-39.31	-24.24	-7.80	-17.68	
109	20.06	43.06	-72.56	-14.35	2.68	-34.63	
111	49.63	30.75	-92.94	2.91	-6.42	-12.66	
110	34.44	-9.44	-45.13	-3.90	11.95	-24.37	
107	36.25	-12.69	-4.88	-3.04	-1.93	-40.60	
110	9.19	-0.81	3.19	3.32	-22.36	-31.13	
107	357.88	5.94	17.31	1.73	-6.05	-23.51	
108	355.56	14.81	27.75	-6.91	-18.12	4.08	
109	323.06	23.31	-32.56	-6.88	-20.61	-9.35	
110	328.13	62.88	-26.94	1.86	-6.44	-38.87	
111	358.25	60.31	-91.75	0.88	-6.13	-23.41	
109	40.25	19.81	-104.25	17.12	12.24	10.50	
108	1.12	-27.00	-12.94	25.53	6.92	-4.77	
109	10.31	-10.94	21.50	11.39	-12.13	-38.09	
108	3.56	-4.19	37.81	5.17	-2.90	-21.18	
107	356.38	-4.94	46.75	1.90	2.74	-9.87	
110	344.88	-10.19	50.13	-3.52	-4.80	-4.81	
107	315.75	-20.25	4.25	-21.96	-10.07	-25.45	
108	313.50	36.25	-58.50	-11.07	3.40	-45.82	
109	308.88	66.06	-76.81	7.99	5.14	-32.64	
110	324.06	68.06	-97.62	-0.07	-3.83	-15.43	
111	354.44	31.62	-77.75	15.81	13.51	13.23	
109	359.00	-0.37	-34.56	19.58	6.65	-6.01	
108	10.63	-6.13	-3.69	4.97	-14.88	-41.64	
109	15.44	-6.13	20.37	3.73	-6.46	-29.89	
108	14.81	-9.50	39.63	1.99	0.81	-18.77	
107	350.13	-28.56	42.00	-16.23	-15.85	-10.92	
110	332.94	-10.69	-28.19	-14.13	-20.73	-27.90	
109	337.38	19.50	-71.81	7.33	-8.03	-44.87	
110	333.25	45.19	-94.37	5.86	-7.41	-28.93	
111	339.38	55.81	-108.87	0.97	-5.25	-11.21	
109	1.50	40.44	-91.37	16.56	13.26	9.58	
110	2.56	-10.19	-44.13	22.98	8.92	-10.34	
107	11.25	-19.37	-12.75	9.56	-13.32	-42.49	
108	9.88	-19.94	12.63	6.11	-8.94	-33.88	
109	1.44	-24.06	32.56	4.62	-1.44	-23.29	
110	345.31	-34.06	44.56	-4.24	-7.56	-13.48	
109	320.06	-36.56	19.25	-22.94	-15.05	-17.14	
108	345.56	2.31	-53.63	-14.49	-10.05	-34.85	
109	358.81	5.19	-115.25	3.60	-4.27	-33.21	
111	355.31	18.75	-129.88	2.92	-1.62	-12.11	
110	346.88	44.44	-117.75	12.58	6.98	-2.37	
109	327.81	7.88	-43.31	7.24	16.42	-24.10	
108	0.31	-7.00	-6.88	0.61	2.56	-44.07	
107	12.94	11.69	-1.12	5.24	-9.73	-30.48	
110	4.88	26.31	-3.50	-0.57	-4.65	-17.17	
107	354.31	35.69	-3.00	-3.83	-1.81	-13.76	
110	341.88	43.00	-1.69	-5.58	-1.01	-11.26	
111	326.69	47.31	-5.06	-6.16	-0.94	-11.17	
109	305.31	47.06	-22.19	-3.00	0.66	-9.82	
108	268.88	40.00	-35.00	1.33	18.74	-7.75	
109	241.63	-3.25	18.94	-3.04	23.91	-26.38	
110	238.69	-27.44	48.38	-3.11	8.47	-37.33	
109	237.13	-11.56	58.69	-10.99	-13.21	2.18	
108	215.75	-4.56	13.19	-3.41	4.49	-7.26	
107	227.38	15.63	23.56	20.76	14.18	-48.31	
108	250.50	58.75	10.38	23.28	-2.63	-45.96	
107	273.81	60.56	-98.56	26.65	20.14	-28.88	
110	279.13	18.56	-12.06	-4.85	-1.74	-31.25	
111	288.06	-17.12	46.06	-16.53	-23.68	-42.47	
109	283.94	-8.75	70.62	5.24	-5.56	-23.40	
108	265.38	-17.06	78.69	-15.15	-15.83	3.59	
109	239.75	-12.63	8.25	-18.98	-23.60	-15.43	
110	225.56	46.38	-0.63	5.20	-16.38	-47.34	
109	233.63	87.31	-2.50	11.11	-11.11	-42.67	
108	246.44	56.44	-165.75	3.82	-4.85	-29.22	
107	225.44	33.19	-166.06	1.44	-1.95	-11.46	
108	224.00	28.62	-149.13	5.59	5.41	-3.82	
109	316.38	45.00	-86.69	18.08	22.01	-13.39	
110	295.00	-0.69	-20.50	14.30	11.56	-35.68	
109	295.06	-44.00	11.56	4.12	-5.63	-41.08	
107	310.06	-29.94	48.19	4.74	-3.26	-22.61	
108	304.75	-23.00	26.25	-16.56	-19.84	5.34	
109	279.75	34.63	-13.06	-1.16	-16.47	-10.50	
110	310.69	41.31	-33.00	22.28	-1.80	-37.04	
109	345.81	37.06	-72.37	6.98	-4.90	-28.62	
108	6.31	30.25	-85.19	18.37	13.43	-11.82	
107	345.19	0.19	-37.88	17.34	9.03	-22.15	
108	337.31	-34.31	-19.37	3.68	-9.44	-39.97	
111	347.50	-43.94	16.75	-12.73	-21.18	-19.26	
108	6.00	-11.19	-37.31	-10.98	-21.85	-25.84	
111	349.56	36.81	-46.13	7.42	-8.71	-41.51	
107	348.00	57.75	-33.75	0.30	-7.93	-23.72	
108	352.25	59.63	-25.00	-4.14	-4.97	-9.76	
109	3.13	36.13	-25.25	14.47	-3.22	11.16	
110	16.37	-27.31	-34.06	25.04	-11.93	-7.53	
109	19.75	-4.94	-3.00	12.73	-14.13	-43.26	
108	5.63	15.44	11.81	4.63	-4.59	-31.07	
107	349.50	18.06	31.31	-0.16	-3.16	-14.72	
108	307.44	-23.31	-5.44	-13.37	-5.70	-17.62	
111	255.69	5.00	-28.81	-10.30	-8.11	-34.75	
109	237.75	16.12	10.81	4.34	-6.27	-44.11	
110	245.25	17.75	40.44	3.72	-6.83	-30.98	
107	244.44	1.00	33.25	-8.32	-21.69	7.78	
108	235.50	1.88	-1.31	-6.27	-10.37	-9.00	
109	245.81	8.38	1.06	17.35	8.13	-40.59	
110	280.56	26.44	-20.25	29.92	12.53	-29.74	
109	311.94	33.13	-59.50	23.50	15.41	-29.21	
108	334.25	34.69	-77.81	6.83	1.39	-25.85	
109	351.00	34.75	-82.00	1.33	-3.84	-16.27	
111	6.19	25.06	-67.62	14.45	14.91	-11.00	
110	355.88	-6.19	-35.44	15.00	9.75	-28.61	
109	351.06	-37.44	-4.06	5.22	-7.88	-41.93	
108	354.50	-44.50	28.94	4.61	-3.77	-26.86	
107	354.19	-39.19	42.13	2.03	-2.56	-12.93	
108	348.63	-24.75	-21.50	-16.90	-13.94	-28.01	
109	344.63	35.06	-43.31	-11.85	-16.46	-43.55	
110	358.06	49.25	-44.94	6.23	-6.63	-29.61	
111	20.06	49.31	-64.25	-1.61	-6.42	-15.06	
108	37.75	43.75	-78.44	0.44	-3.76	-5.16	
111	58.69	-4.69	-62.19	12.15	14.76	-21.60	
107	24.81	-51.44	-20.62	12.80	7.35	-44.33	
110	23.37	-53.13	30.75	7.47	-12.69	-40.32	
109	10.19	-43.88	47.88	7.39	-6.35	-27.95	
108	341.88	-50.50	19.25	-12.78	-20.17	-25.56	
107	346.75	30.75	-59.63	0.11	-17.75	-35.41	
110	16.62	38.75	-62.81	19.64	-4.63	-36.85	
111	52.44	31.31	-78.94	3.65	-9.68	-23.10	
111	79.81	20.75	-87.25	0.48	-7.53	-7.14	
108	102.94	5.44	-82.50	15.38	11.45	1.08	
107	67.25	-10.81	-44.25	27.95	30.98	-21.03	
108	25.37	-67.87	-31.69	15.90	9.10	-44.24	
107	22.81	-62.88	36.00	8.69	-9.35	-32.18	
110	23.75	-42.38	35.94	-7.54	-19.72	-9.96	
109	15.25	-13.56	-46.44	-15.02	-29.80	-21.85	
110	15.88	30.94	-37.13	4.60	-18.70	-37.63	
111	42.13	36.56	-43.13	6.81	-9.97	-21.87	
108	63.81	31.06	-56.88	-0.83	-7.54	-10.76	
111	86.06	21.75	-66.87	-2.47	-8.11	-4.64	
107	102.81	11.19	-68.31	1.13	-5.62	-0.49	
108	114.81	-4.63	-59.75	13.48	13.92	3.12	
107	73.44	-42.94	-43.31	-4.93	21.37	-19.63	
110	47.25	-74.00	8.88	-9.68	-0.25	-42.22	
109	41.00	-59.63	45.25	12.65	-8.41	-32.17	
110	29.62	-50.75	44.75	10.23	-2.86	-19.37	
107	12.81	-51.63	38.56	7.43	-1.08	-12.17	
108	354.38	-54.69	21.25	5.44	-1.55	-9.67	
109	338.69	-47.38	-7.94	5.41	-1.92	-13.04	
111	333.69	-27.75	-33.31	4.57	-2.38	-20.30	
110	339.81	-4.75	-56.00	1.94	-3.21	-27.38	
107	345.00	16.19	-68.44	1.37	-1.62	-25.17	
108	343.06	36.00	-63.13	2.44	0.73	-12.67	
107	344.50	33.44	-43.31	-0.80	-2.57	-11.51	
110	344.31	12.94	-31.31	-3.34	-5.87	-17.62	
109	343.38	-13.44	-33.94	-0.53	-4.95	-16.98	
110	347.13	-35.69	-43.50	0.47	-4.60	-14.01	
109	5.31	-52.19	-47.25	2.98	-4.39	-12.81	
108	42.00	-63.13	-35.56	-2.30	-5.56	-16.01	
109	108.44	-53.06	-27.81	-16.55	8.08	-30.29	
109	127.62	-21.19	-36.88	-3.90	13.10	-37.43	
108	121.50	-16.87	-14.38	11.90	-1.05	-34.62	
109	120.37	-35.75	12.31	8.25	-5.73	-35.70	
108	114.69	-51.50	42.81	7.63	-5.82	-32.07	
107	83.37	-74.75	80.50	-0.01	-12.49	-25.31	
110	30.25	-73.44	-101.00	-9.21	-14.24	-19.10	
109	41.19	-76.37	-23.00	0.68	-5.22	-20.52	
110	57.00	-57.56	1.37	11.17	-1.18	-22.17	
109	67.44	-43.06	-12.56	9.34	-1.63	-20.46	
108	74.50	-30.62	-32.56	7.59	-3.51	-18.80	
111	75.75	-25.25	-44.44	5.59	6.86	8.04	
109	62.13	-30.56	-41.75	6.59	3.01	-6.34	
110	50.06	-35.69	-7.94	8.34	-8.11	-35.74	
107	45.81	-42.56	6.69	7.72	-2.25	-21.09	
108	33.69	-52.63	-12.81	-12.00	-21.10	-12.19	
109	53.38	-22.00	-56.44	-8.27	-25.34	-26.20	
110	58.00	5.56	-61.56	13.07	-5.67	-27.53	
109	46.19	-14.13	-56.00	-0.11	12.43	-27.81	
111	52.25	-21.81	-12.94	2.39	0.38	-41.86	
108	47.94	-7.31	-1.94	10.50	-18.54	-30.06	
107	37.00	-4.44	7.25	3.04	-8.12	-18.87	
110	0.00	-25.75	-33.69	-16.81	-9.50	-19.90	
109	15.56	32.00	-64.06	-10.98	-15.85	-33.06	
110	38.25	44.31	-68.56	7.18	-14.29	-30.88	
107	69.00	32.56	-81.25	9.29	-7.60	-8.34	
108	81.44	-26.56	-75.00	11.06	13.01	-19.59	
107	55.56	-51.44	-20.12	3.09	-5.42	-42.16	
110	12.38	-30.19	-20.25	-1.69	-33.82	-42.67	
109	354.25	-22.87	0.06	-2.68	-18.35	-32.90	
109	339.06	-18.69	-6.81	-18.39	-23.19	-31.04	
110	335.25	33.38	-57.50	-14.61	-21.55	-40.89	
109	344.56	52.00	-87.19	4.16	-6.54	-33.63	
110	13.38	40.94	-112.12	17.24	9.04	-4.07	
109	21.50	2.63	-78.62	18.18	26.90	-13.29	
110	12.38	-18.81	-12.06	5.68	-2.00	-45.28	
109	2.50	-4.63	7.69	5.35	-22.58	-36.26	
111	342.75	-2.13	18.81	-17.78	-23.59	-6.37	
110	310.63	28.50	-39.88	-24.89	-17.84	-17.00	
109	309.44	70.44	-79.75	0.64	-3.23	-39.91	
110	351.31	48.69	-116.12	9.73	-6.21	-24.39	
109	51.06	4.25	-113.25	22.72	12.20	0.03	
108	343.88	-23.37	-31.94	22.73	7.06	-16.07	
111	353.13	-13.25	5.19	5.40	-16.51	-39.83	
111	313.75	-9.25	-16.44	-16.75	-23.26	-40.58	
110	310.56	55.75	-59.19	-15.25	-24.63	-45.27	
107	348.19	46.06	-92.19	11.39	-13.08	-33.32	
110	53.25	4.38	-112.00	16.37	3.45	-14.66	
109	36.81	9.88	-84.12	27.35	21.53	-23.19	
110	334.38	-28.94	-38.50	22.50	7.51	-43.86	
111	345.06	-29.25	0.56	-13.14	-26.71	-34.33	
111	331.25	10.69	-55.75	-28.45	-30.47	-33.62	
108	339.13	39.75	-75.62	-6.00	-19.98	-42.93	
109	21.50	26.81	-82.87	10.84	-13.04	-28.61	
110	62.88	2.00	-89.75	7.58	-8.38	-10.30	
109	77.56	-13.88	-84.56	23.12	10.72	4.56	
108	0.94	-36.56	-54.81	24.99	12.53	-15.02	
109	354.75	-46.94	-18.56	8.76	-9.21	-44.06	
110	334.81	-39.31	-12.63	-11.94	-27.32	-24.82	
111	350.88	17.31	-85.06	-6.07	-26.80	-22.55	
109	8.44	29.69	-85.62	15.49	-12.85	-33.44	
108	45.88	16.62	-90.44	8.64	-10.99	-18.07	
107	83.50	-6.88	-91.44	7.44	-7.08	-5.19	
110	72.00	-17.81	-75.44	24.93	12.50	-21.45	
109	1.25	-40.31	-64.37	23.41	5.37	-42.01	
110	353.38	-56.94	-27.06	-13.15	-30.52	-26.30	
107	6.44	-9.06	-71.75	-12.99	-35.19	-26.20	
108	18.62	19.87	-71.94	9.52	-22.59	-39.08	
109	43.06	17.31	-71.62	10.31	-13.90	-26.89	
110	76.50	0.25	-74.00	22.88	9.14	6.50	
109	60.88	-50.44	-66.75	26.15	12.71	-5.42	
109	22.06	-61.63	-33.75	17.36	-11.22	-42.40	
108	356.25	-55.44	-6.69	17.49	-14.48	-38.91	
107	342.81	-56.44	17.56	6.19	-16.41	-29.43	
110	312.19	-40.13	-12.31	-16.95	-28.30	-26.26	
109	353.00	-5.13	-70.12	-14.96	-24.22	-35.46	
110	16.81	-0.69	-116.50	4.93	-10.97	-34.61	
107	41.50	2.69	-120.75	6.70	-8.13	-16.40	
108	50.94	0.88	-108.00	22.78	10.84	4.16	
109	2.50	-14.88	-74.31	26.66	10.60	-13.94	
111	5.56	-36.00	-35.56	14.28	-13.66	-43.80	
108	5.63	-33.63	-8.00	11.79	-14.74	-37.14	
109	351.69	-29.62	5.75	5.23	-13.05	-23.95	
108	309.13	-25.75	-9.19	-16.88	-21.00	-19.33	
107	332.44	11.63	-66.25	-19.19	-21.53	-31.43	
110	353.06	14.63	-116.44	2.77	-9.75	-35.94	
109	27.31	9.94	-125.62	7.62	-4.69	-17.28	
110	44.75	-0.25	-113.62	22.77	12.02	11.12	
109	340.56	-20.06	-54.00	29.31	6.76	-8.32	
108	354.81	-21.94	-14.94	15.38	-15.63	-45.59	
111	352.69	-11.50	8.63	8.47	-9.31	-38.18	
109	346.88	-6.63	25.69	3.61	-3.29	-23.47	
110	306.25	-12.63	27.25	-17.69	-18.67	-17.61	
109	289.81	33.50	-42.13	-22.06	-25.66	-31.68	
108	279.50	52.81	-120.81	1.35	-10.26	-40.73	
107	297.63	44.00	-144.06	8.39	-3.84	-25.87	
110	347.50	22.87	-133.38	21.54	14.20	7.43	
111	319.19	0.44	-40.63	25.35	10.77	-8.12	
109	334.31	-1.06	-11.00	11.38	-12.34	-44.54	
110	339.81	9.69	13.88	5.12	-8.47	-34.43	
107	340.94	16.75	28.69	0.34	-1.27	-20.82	
110	334.63	20.75	42.19	-7.57	-11.93	-12.24	
109	279.25	-6.25	41.56	-25.92	-19.01	-16.06	
110	260.88	40.06	-7.25	-17.57	-10.07	-34.76	
111	241.00	76.56	-56.69	8.33	-0.60	-41.61	
111	239.94	63.00	-162.19	20.47	13.83	-26.59	
108	282.69	55.19	-86.00	29.03	28.31	-29.11	
109	301.06	16.87	1.12	15.85	-1.20	-45.02	
110	295.81	25.00	28.94	-3.54	-27.00	-33.67	
109	260.63	7.81	48.38	-11.41	-12.00	-19.33	
110	235.38	4.25	55.81	-9.42	-3.80	-24.46	
111	210.38	4.50	58.81	-1.73	-1.34	-24.14	
108	189.13	-3.63	53.94	2.84	0.89	-15.17	
111	181.06	-10.63	45.38	6.50	4.83	-14.72	
107	187.06	-4.00	43.06	8.19	7.27	-18.30	
108	201.19	19.06	36.63	10.07	7.16	-24.52	
109	217.44	50.81	16.06	10.63	9.00	-29.25	
110	237.00	66.94	-52.25	5.81	10.17	-25.71	
109	253.00	67.81	-72.81	16.09	22.11	-9.56	
108	271.44	2.63	27.56	7.15	11.92	-21.71	
107	259.25	8.44	56.75	-5.96	-14.13	-33.56	
108	223.31	-19.19	69.56	-0.04	-12.26	-21.92	
111	194.69	-27.56	74.19	-1.55	-7.58	-22.00	
108	173.50	-34.88	69.69	0.42	-8.55	-15.19	
111	142.19	-52.50	57.75	2.43	-9.27	-15.81	
107	113.31	-65.81	42.69	2.30	-11.25	-18.06	
108	79.69	-69.37	-10.75	-1.62	-15.38	-21.58	
109	46.19	-52.63	-31.12	-7.99	-19.81	-28.86	
110	13.06	-30.50	-30.06	-12.05	-20.41	-31.35	
109	347.56	-8.25	-20.31	-9.91	-15.30	-30.36	
108	324.44	8.94	-7.75	-9.76	-10.51	-24.75	
107	300.44	19.87	7.06	-9.50	-5.39	-20.55	
108	276.00	22.50	22.00	-6.93	-0.46	-19.51	
109	255.06	20.19	30.56	-4.60	3.21	-15.87	
111	238.19	14.44	32.31	-2.45	5.27	-12.64	
110	231.38	14.06	34.75	-0.18	5.84	-14.60	
107	231.06	18.69	34.94	1.46	5.94	-19.18	
108	233.94	33.94	34.69	1.53	5.45	-25.15	
109	239.69	54.63	31.12	0.95	4.98	-23.49	
110	248.56	75.25	-15.75	-1.64	3.59	-19.25	
109	257.06	64.62	-108.50	-4.88	0.55	-15.65	
108	264.81	47.56	-127.50	-3.55	3.72	-7.87	
109	262.81	67.75	-104.81	7.10	16.45	-15.93	
111	252.63	24.37	-0.06	7.53	11.54	-37.90	
110	240.63	-39.44	13.31	2.25	0.08	-35.77	
109	240.19	-54.63	43.44	-2.12	5.04	-16.60	
108	284.88	25.56	2.38	-22.94	1.87	-28.91	
107	274.44	52.81	-71.94	-15.89	-2.04	-39.51	
108	275.81	72.31	-65.44	1.15	-0.85	-23.99	
109	290.00	67.00	-43.25	-4.30	-3.00	-16.09	
110	305.63	41.25	-33.06	3.14	15.73	6.48	
111	307.50	5.75	-0.12	9.97	14.98	-10.39	
109	303.13	3.31	32.50	2.98	-3.89	-33.42	
110	285.06	-9.06	48.56	-0.06	-0.31	-13.73	
107	275.31	-15.69	30.81	-17.54	-16.01	-16.02	
110	257.75	40.00	-9.56	-2.12	-4.21	-33.67	
109	292.63	45.00	-45.19	25.72	16.07	-38.49	
108	325.63	37.94	-62.88	12.68	1.85	-29.21	
107	345.13	35.94	-59.88	2.54	-4.89	-23.46	
110	358.31	34.63	-51.88	-2.20	-7.11	-17.98	
111	6.94	32.69	-41.25	-0.04	-6.35	-7.43	
109	357.06	-14.56	-53.56	-13.32	9.08	-22.18	
108	355.56	-17.50	-6.06	-11.76	8.93	-39.01	
107	342.50	-13.38	5.81	4.98	-3.93	-27.12	
108	323.38	-9.06	15.94	-14.58	-19.38	2.01	
109	310.81	25.12	-42.31	-12.73	-7.91	-10.35	
110	327.13	30.87	-42.13	10.79	8.17	-36.77	
109	359.63	20.56	-46.25	9.95	-5.40	-25.26	
108	16.00	20.75	-45.31	3.33	-6.44	-19.67	
107	25.00	18.50	-39.44	18.52	7.51	7.72	
108	17.94	-24.62	-30.56	29.23	5.01	-7.45	
107	11.94	-19.06	9.94	13.95	-8.45	-41.51	
110	356.00	-22.75	28.62	4.89	-2.23	-28.57	
111	326.06	-27.25	-20.56	-15.23	-8.21	-34.15	
107	330.88	36.63	-46.25	-0.69	-6.17	-33.38	
110	23.44	12.00	-67.25	22.46	-2.76	-25.86	
109	60.63	3.56	-69.81	9.22	-8.24	-23.81	
110	74.12	-0.75	-61.75	23.32	12.29	2.19	
109	39.19	-51.75	-23.69	28.02	15.58	-12.51	
108	30.12	-53.38	17.87	12.47	-6.49	-41.84	
107	6.00	-53.00	29.62	4.13	-15.39	-30.39	
110	355.94	-28.75	-30.87	-17.44	-28.60	-34.24	
111	13.44	24.94	-70.44	-10.59	-30.88	-44.40	
109	42.00	29.81	-64.00	9.34	-16.91	-32.89	
108	71.37	24.50	-69.69	4.83	-9.99	-15.99	
107	97.44	13.19	-71.37	4.82	-7.04	-5.50	
108	117.87	-5.69	-63.69	22.93	12.40	-0.51	
109	65.50	-49.94	-38.44	22.36	19.52	-20.77	
110	36.94	-81.69	-29.31	8.20	-2.93	-41.82	
109	27.44	-70.81	47.13	13.37	-10.37	-34.96	
108	16.81	-60.00	51.13	12.33	-5.02	-23.39	
109	356.56	-58.31	31.69	-0.06	-17.03	-14.72	
111	355.44	-27.87	-41.13	-6.51	-25.37	-28.89	
110	12.88	7.38	-75.25	7.41	-15.71	-43.67	
109	24.25	25.12	-79.25	10.87	-11.29	-32.91	
108	42.38	29.75	-82.62	1.92	-10.92	-16.44	
107	58.81	26.19	-81.81	1.30	-9.44	-5.29	
108	89.69	-14.44	-75.62	22.29	10.79	3.25	
107	40.13	-43.38	-52.06	27.63	14.59	-17.39	
110	25.56	-66.50	-19.37	13.75	-8.51	-43.02	
111	19.81	-58.63	29.69	13.28	-10.86	-34.46	
108	8.69	-53.56	39.44	8.97	-9.36	-21.37	
109	329.06	-55.88	-6.06	-12.98	-25.52	-23.83	
109	9.25	-10.94	-64.87	-14.82	-28.26	-37.16	
110	28.37	6.69	-93.50	8.05	-13.42	-36.44	
109	50.00	5.75	-89.50	26.36	10.64	-3.23	
108	18.31	-32.13	-50.06	32.59	12.25	-10.72	
107	23.62	-40.63	-3.50	20.83	-8.96	-44.97	
110	19.00	-33.88	24.56	12.27	-7.66	-38.58	
111	9.19	-31.06	41.75	3.37	-17.99	-23.49	
110	308.06	-39.25	-16.56	-18.05	-25.84	-28.61	
109	354.44	9.81	-89.00	-12.63	-11.27	-40.70	
107	17.00	16.56	-107.81	7.98	-7.43	-29.98	
108	42.75	17.12	-106.31	6.62	-10.82	-12.77	
107	59.50	11.88	-100.44	17.22	-2.01	-1.42	
110	60.44	-17.81	-83.69	23.54	6.16	-19.28	
109	17.50	-32.50	-66.81	9.51	-8.44	-41.58	
108	13.69	-56.00	-38.00	5.55	-20.34	-38.45	
107	5.88	-54.06	-8.06	-2.09	-28.65	-27.00	
110	335.88	-34.31	-40.38	-23.82	-37.07	-32.04	
111	7.75	2.75	-76.25	-11.74	-26.13	-43.02	
111	24.44	18.00	-84.94	10.50	-13.34	-31.02	
108	51.31	13.69	-90.12	7.03	-10.34	-14.93	
107	76.81	2.31	-88.31	4.92	-9.43	-5.86	
108	92.06	-25.25	-79.44	24.98	11.16	-2.20	
107	28.12	-39.44	-70.12	25.45	10.49	-21.87	
110	14.25	-60.31	-53.81	9.91	-13.75	-41.39	
109	10.75	-60.81	-7.06	12.66	-13.43	-36.27	
108	356.13	-53.44	5.06	3.87	-19.92	-25.65	
107	318.00	-30.37	-34.38	-19.76	-25.52	-31.07	
110	356.00	-1.94	-66.87	-13.37	-14.96	-42.68	
111	16.87	5.56	-100.44	7.42	-7.57	-34.73	
109	42.25	4.69	-111.06	6.37	-6.58	-15.54	
108	59.56	0.19	-106.75	19.58	4.38	1.46	
107	29.06	-10.19	-86.81	27.52	19.99	-16.04	
108	356.06	-25.00	-66.87	9.11	-1.01	-41.34	
109	0.94	-45.06	-28.62	4.27	-19.83	-39.49	
110	0.44	-39.75	-1.69	10.25	-10.44	-30.74	
109	348.13	-32.50	7.94	-1.10	-20.06	-20.10	
108	310.88	-17.00	-29.25	-23.70	-29.20	-31.06	
107	343.19	20.25	-94.56	-11.44	-18.57	-42.94	
110	11.88	18.25	-111.75	11.60	-9.64	-27.80	
111	53.94	2.94	-114.44	8.13	-7.81	-10.92	
109	82.87	-10.31	-109.81	6.95	-7.85	-1.09	
108	83.62	-17.81	-99.62	24.79	11.43	1.48	
107	8.13	-14.38	-77.25	21.88	9.52	-20.45	
108	339.50	-34.63	-69.69	5.18	-13.63	-41.68	
109	347.00	-53.94	-35.31	9.46	-14.86	-34.73	
110	342.31	-46.38	-12.69	-9.32	-27.25	-21.82	
109	321.81	-12.44	-44.44	-29.25	-33.38	-31.14	
110	348.38	15.38	-80.00	-9.41	-18.47	-43.29	
111	8.44	22.94	-96.87	9.90	-9.22	-27.82	
109	35.69	13.69	-103.25	6.74	-7.83	-10.02	
110	69.12	-4.63	-101.81	5.68	-7.65	-1.93	
107	88.81	-22.75	-96.94	12.72	3.27	2.81	
108	44.88	-19.00	-80.12	17.83	12.54	-18.11	
107	342.00	-26.19	-75.12	9.48	-2.38	-41.13	
110	329.44	-49.19	-58.63	-0.73	-19.55	-36.51	
109	348.38	-32.63	-56.38	-18.66	-33.87	-37.67	
110	9.94	4.19	-86.50	-8.23	-33.03	-41.80	
109	27.56	11.63	-76.06	14.35	-17.13	-32.09	
108	57.63	2.00	-72.75	9.13	-12.08	-17.26	
109	83.81	-13.06	-69.12	7.02	-9.92	-7.99	
107	102.56	-26.69	-62.31	23.69	10.36	2.21	
110	75.44	-58.94	-67.56	28.37	24.00	-15.23	
109	37.25	-71.87	-72.56	14.75	-0.61	-40.41	
108	0.81	-63.56	-59.00	-8.66	-31.24	-26.49	
107	28.81	-19.19	-83.62	-12.07	-44.39	-26.55	
110	55.81	-2.88	-75.44	11.67	-31.99	-40.48	
109	80.69	0.37	-67.62	12.46	-15.31	-30.63	
110	98.31	3.94	-62.88	5.89	-11.59	-15.88	
109	111.12	5.31	-57.50	9.06	-8.74	-10.19	
109	140.00	-21.62	-38.56	28.53	13.38	-5.88	
110	111.69	-73.56	-13.56	31.92	22.07	-22.26	
109	68.19	-70.00	-171.38	16.19	-5.81	-38.91	
110	31.62	-73.75	-157.44	14.34	-17.57	-36.21	
107	10.69	-85.87	-175.88	16.93	-10.61	-32.98	
108	358.19	-75.81	-9.25	14.09	-8.89	-25.24	
109	343.81	-59.88	-14.00	9.89	-8.96	-19.95	
110	324.50	-40.63	-25.37	2.16	-11.26	-18.53	
111	331.88	-17.37	-43.13	-18.95	-27.14	-32.10	
109	17.62	-3.94	-105.06	-10.34	-24.03	-41.15	
110	55.06	-5.00	-110.75	12.97	-7.76	-24.88	
107	77.12	-9.75	-102.31	11.13	-8.32	-9.00	
110	92.25	-35.44	-99.56	27.36	11.30	-3.83	
109	31.56	-42.19	-84.75	29.74	4.68	-21.52	
110	21.12	-53.31	-51.00	15.97	-21.26	-41.39	
111	13.00	-54.38	-14.38	13.61	-30.35	-36.06	
109	349.00	-51.94	-8.88	2.96	-35.14	-24.73	
110	306.31	-28.12	-34.56	-19.36	-29.17	-28.13	
109	3.81	-11.56	-86.37	-15.09	-19.38	-37.37	
110	66.75	-23.56	-129.31	8.17	-6.86	-31.15	
107	104.69	-29.50	-124.56	11.94	-3.89	-13.00	
108	92.56	-25.75	-106.56	27.86	13.18	11.80	
109	359.69	-28.56	-84.31	29.96	5.18	-7.03	
110	3.44	-34.94	-56.56	8.96	-29.16	-33.50	
111	333.38	-17.87	-39.94	1.36	-26.80	-30.29	
109	320.50	-15.06	-21.87	-0.65	-13.07	-29.31	
108	316.19	-8.19	-14.19	-20.19	-25.74	-24.73	
109	319.25	24.06	-73.44	-18.95	-27.41	-33.14	
110	327.44	31.69	-113.00	2.11	-10.07	-35.35	
109	354.94	22.87	-129.50	6.15	-4.37	-15.52	
108	334.75	16.69	-90.62	11.11	13.71	-20.55	
107	346.19	0.37	-48.56	-2.08	-5.50	-35.34	
110	323.00	14.19	-29.81	-10.07	-27.96	-31.02	
111	312.44	22.62	-5.81	-3.28	-10.46	-27.06	
109	310.13	26.37	7.31	-5.32	-4.07	-20.46	
110	298.50	29.62	13.00	-24.94	-19.54	-8.93	
107	269.81	58.50	-34.56	-22.12	-22.48	-22.09	
108	259.56	73.75	-143.19	-1.26	-5.09	-34.40	
109	261.13	50.75	-168.69	1.00	0.61	-14.12	
110	224.13	31.69	-153.19	8.29	8.86	2.39	
109	296.63	46.06	-75.37	7.89	23.53	-16.64	
108	309.38	16.87	-18.25	0.95	6.01	-41.85	
109	327.81	23.94	-3.63	-1.81	-15.22	-31.78	
111	325.25	34.06	0.88	-3.31	-7.51	-17.57	
110	306.19	37.56	7.25	-12.07	-13.79	-7.18	
109	265.75	44.44	-16.56	-26.67	-3.38	-22.97	
108	264.50	84.19	-174.50	-17.22	5.97	-40.73	
107	277.38	61.81	-156.31	-0.44	-2.44	-21.53	
110	303.94	39.75	-144.38	0.58	-0.48	-2.16	
107	313.81	30.87	-120.81	16.11	15.94	-11.90	
110	297.25	19.12	-30.12	13.44	5.69	-37.09	
111	317.00	11.00	-4.25	-1.15	-14.40	-38.69	
109	323.38	20.19	9.31	-0.26	-5.79	-24.97	
110	314.56	24.75	23.50	-8.95	-12.41	-13.86	
109	267.56	13.94	12.25	-26.57	-12.90	-28.18	
110	249.38	60.75	-6.00	-17.53	-2.67	-46.01	
109	236.38	88.37	0.94	3.34	1.20	-34.17	
108	240.00	66.31	-161.81	1.92	2.97	-17.84	
107	262.44	43.56	-151.19	8.84	14.92	-2.38	
110	271.63	54.00	-44.38	15.13	30.80	-18.58	
111	279.06	8.69	1.63	3.70	10.52	-44.01	
109	304.38	17.06	20.44	-2.33	-8.40	-35.33	
108	311.63	33.25	27.19	-1.84	-2.47	-20.85	
107	300.56	41.56	33.81	-4.78	-0.59	-13.58	
108	267.50	31.62	28.56	-13.48	-6.73	-6.95	
109	231.88	40.00	8.38	-9.70	-8.86	-24.42	
110	222.06	64.50	53.63	1.08	-1.94	-36.58	
109	225.13	74.69	96.44	-0.78	1.48	-20.44	
108	240.50	75.37	-171.63	-2.66	1.75	-10.67	
109	262.44	54.63	-137.44	-2.60	0.93	-3.97	
111	280.38	46.81	-116.81	12.56	17.09	-17.67	
110	259.00	24.81	-12.25	11.12	14.11	-41.50	
109	258.50	-18.75	10.50	-3.69	-3.42	-37.32	
108	294.81	5.75	19.06	-21.38	-18.91	-22.85	
107	261.44	60.94	-79.81	-11.87	-25.34	-29.73	
110	275.94	76.75	-113.25	8.65	-11.42	-29.72	
109	304.50	65.19	-104.94	-0.77	-7.11	-14.08	
110	333.13	44.19	-95.25	-2.11	-6.53	-8.41	
109	350.69	3.31	-88.62	7.06	11.19	-9.20	
108	350.56	-16.44	-47.50	11.50	6.11	-27.97	
109	349.75	-18.37	-20.50	6.25	-14.69	-44.23	
107	336.00	-17.75	-0.31	4.02	-9.32	-35.97	
110	317.44	-24.12	18.06	-15.42	-21.48	-20.44	
109	300.31	0.69	-34.75	-36.29	-33.17	-29.55	
110	307.69	38.50	-96.12	-14.37	-24.02	-42.44	
109	341.06	37.25	-97.06	7.83	-14.10	-27.46	
110	12.88	21.31	-89.06	4.53	-9.57	-12.41	
111	39.63	-2.06	-80.75	4.13	-8.99	-7.39	
109	49.00	-23.81	-74.00	16.73	10.97	-7.65	
108	21.94	-46.38	-54.00	16.44	9.63	-25.62	
107	12.13	-49.06	-26.12	6.44	-12.65	-44.06	
110	353.75	-44.38	1.19	-8.33	-26.42	-33.64	
109	332.38	-8.38	-64.75	-30.44	-36.99	-32.86	
110	357.75	11.50	-80.37	-5.56	-23.85	-42.07	
107	44.00	-3.81	-74.06	18.91	-10.94	-32.06	
108	73.44	-11.75	-69.25	11.13	-8.24	-17.94	
107	91.81	-17.44	-61.50	8.55	-6.44	-10.32	
110	105.81	-25.75	-49.00	12.27	0.86	-7.99	
111	89.56	-53.56	-30.12	20.30	19.28	-26.05	
109	63.19	-82.37	-46.19	14.74	7.12	-42.02	
108	38.31	-87.62	0.88	8.48	-14.16	-39.48	
107	4.06	-74.87	-61.63	-8.81	-26.32	-17.69	
110	34.06	-23.31	-76.75	-6.59	-24.86	-18.76	
109	65.12	-32.81	-59.19	28.90	-4.09	-38.24	
110	100.94	-33.44	-26.56	31.05	-0.67	-35.08	
107	107.81	-15.50	-12.63	15.77	-2.14	-29.71	
108	109.44	-6.81	1.00	9.48	-2.04	-25.80	
109	129.44	-13.56	18.37	24.91	20.52	1.52	
108	174.69	-20.06	57.19	28.65	19.30	-6.87	
111	163.38	-18.44	71.00	10.25	-8.94	-19.71	
107	133.00	-52.19	77.44	3.15	-17.01	-13.52	
108	77.25	-74.75	146.06	3.81	-16.16	-31.31	
107	30.81	-70.81	-139.75	2.51	-13.78	-27.39	
110	7.31	-67.06	-86.81	3.96	-12.06	-23.49	
109	359.31	-58.13	-50.63	9.62	-8.29	-23.89	
110	355.06	-43.88	-31.69	9.46	-7.04	-25.14	
107	345.13	-25.69	-26.62	-9.80	-24.27	-13.64	
108	333.50	6.50	-59.75	-17.05	-27.50	-22.80	
111	340.25	38.19	-63.63	0.12	-10.43	-36.28	
108	351.06	48.81	-68.87	1.77	-7.74	-21.54	
111	7.25	48.31	-73.12	-3.43	-7.43	-11.48	
107	23.37	41.94	-74.06	-3.83	-7.54	-5.84	
108	40.69	22.06	-69.75	16.07	-2.15	15.75	
107	37.63	-48.56	-77.31	27.19	-13.34	-2.89	
110	34.88	-35.81	-36.38	18.88	-23.29	-43.13	
109	4.75	-16.25	-16.69	12.51	-15.51	-40.08	
110	350.19	-21.37	3.44	2.71	-15.23	-28.02	
107	308.06	-26.37	-16.94	-17.77	-19.74	-26.96	
108	339.13	8.81	-74.37	-17.06	-16.73	-37.12	
109	356.81	11.38	-112.12	3.21	-6.29	-33.85	
111	29.87	8.00	-122.87	4.86	-4.56	-14.62	
108	46.25	6.38	-115.81	18.39	4.53	2.94	
109	4.94	-3.25	-83.31	27.28	22.41	-15.52	
108	2.50	-28.44	-34.38	16.36	0.16	-42.38	
107	9.69	-17.00	-6.81	9.82	-19.76	-39.35	
110	3.44	-5.00	6.63	5.65	-7.56	-28.34	
109	350.25	0.31	15.63	-0.92	-10.15	-17.60	
110	293.44	-3.19	-13.63	-21.54	-13.88	-29.24	
109	290.25	59.19	-92.44	-14.93	-11.04	-42.37	
108	310.31	56.31	-128.63	6.41	-8.53	-30.52	
111	354.50	35.88	-127.37	4.89	-6.79	-12.72	
109	36.69	8.75	-118.50	21.74	12.15	10.38	
110	340.25	-7.19	-60.81	4.60	11.58	-9.90	
107	338.38	-12.38	-24.75	-14.46	-21.39	-41.34	
108	312.44	4.75	-4.50	-0.63	-23.05	-35.57	
107	301.69	13.81	17.25	-1.33	-6.19	-27.01	
110	296.69	21.37	30.56	-5.52	-4.61	-15.80	
111	266.44	14.56	8.75	-25.97	-2.04	-29.18	
111	238.81	71.50	27.31	-17.86	-2.44	-45.17	
110	255.00	76.56	155.81	6.92	-5.00	-30.05	
107	292.75	50.56	-146.19	14.89	5.28	-10.44	
110	316.50	31.87	-85.31	17.80	21.72	-22.33	
109	311.13	2.69	-6.69	8.74	4.48	-45.42	
110	314.31	12.25	22.12	3.10	-14.28	-40.94	
111	307.00	15.19	44.75	-0.25	-2.13	-23.20	
108	294.44	11.50	59.25	-13.14	-12.55	-8.94	
111	255.63	-3.38	34.13	-23.12	-16.87	-26.14	
109	229.69	51.69	-6.56	-8.51	-6.54	-46.35	
110	222.56	81.44	11.94	5.02	-4.16	-41.25	
107	238.69	68.81	-158.56	5.42	0.03	-27.85	
108	284.88	48.00	-101.62	18.77	17.41	-18.70	
109	286.38	2.38	7.88	19.61	8.12	-34.14	
110	301.13	18.12	39.19	5.55	-10.11	-39.77	
111	302.13	27.25	58.63	1.29	-1.36	-21.76	
109	284.13	18.87	71.37	-2.10	1.39	-8.98	
108	254.19	-0.88	72.50	-1.77	3.24	-4.20	
109	229.56	-15.56	67.00	-18.57	-9.12	-1.39	
108	208.38	18.25	12.31	-17.15	-4.89	-23.87	
107	208.13	39.19	14.31	17.45	21.96	-44.77	
110	256.88	56.25	-52.31	19.15	12.16	-41.71	
109	287.63	54.19	-89.94	3.12	-5.84	-31.42	
110	302.19	52.19	-99.25	1.22	-3.17	-13.38	
111	319.44	36.94	-87.50	9.56	10.56	-1.91	
108	312.88	15.44	-42.00	5.39	19.36	-22.29	
111	315.94	-1.50	-4.31	-1.46	5.15	-45.17	
107	318.94	3.63	22.12	1.67	-5.32	-35.31	
108	308.56	2.69	43.00	-6.25	-10.25	-18.48	
109	271.63	-19.50	38.94	-24.11	-24.70	-2.03	
110	251.13	51.06	-54.63	-5.00	-15.18	-18.51	
109	276.75	56.38	-79.56	19.38	-1.27	-39.00	
108	328.63	28.19	-97.50	9.02	-5.46	-26.34	
107	359.75	13.50	-99.25	4.75	-5.05	-12.24	
108	0.81	11.88	-82.31	20.76	12.55	-14.25	
111	323.25	-17.12	-38.94	19.04	8.14	-33.95	
109	318.88	-37.69	-10.69	4.46	-9.95	-41.72	
110	321.38	-38.06	24.00	8.06	-2.53	-28.49	
107	310.00	-33.06	34.19	5.74	0.31	-16.20	
108	289.94	-30.12	20.44	-15.41	-18.45	-15.69	
109	293.06	23.87	-67.06	-12.38	-24.08	-30.83	
110	294.19	47.25	-89.19	11.00	-8.55	-35.57	
113	326.38	34.63	-102.31	7.19	-6.17	-20.39	
111	4.25	13.63	-102.81	3.62	-4.73	-8.25	
108	7.63	9.06	-89.31	21.38	13.65	-9.35	
109	314.00	-8.06	-44.38	17.10	10.37	-30.40	
110	295.75	-42.44	-31.50	2.01	-7.91	-39.26	
109	298.63	-56.50	3.81	8.64	-4.88	-25.05	
108	306.94	-45.75	34.44	7.89	-2.61	-14.27	
107	302.81	-33.00	31.87	-0.14	-6.73	-10.90	
110	291.25	-14.81	-21.31	-4.12	-10.64	-29.57	
111	285.94	20.50	-56.19	2.25	-9.79	-46.18	
109	281.38	47.94	-74.25	8.95	-4.97	-35.37	
108	303.81	42.69	-96.62	5.03	-4.41	-22.90	
107	335.38	26.87	-106.06	1.37	-5.47	-13.38	
108	353.50	14.56	-96.44	18.28	13.52	-10.57	
109	312.00	3.31	-49.88	14.83	9.73	-29.82	
110	295.00	-34.00	-31.75	-0.16	-9.97	-40.98	
109	307.31	-43.63	4.75	2.96	-9.01	-27.78	
108	309.63	-32.81	-5.75	-15.36	-24.21	-15.47	
107	304.81	22.00	-61.00	-9.08	-26.91	-27.57	
110	311.19	40.69	-59.81	11.60	-11.02	-35.13	
111	342.38	31.00	-73.87	4.68	-8.07	-20.87	
109	13.00	7.06	-82.62	19.29	10.84	-3.23	
108	347.75	-11.69	-49.75	21.43	30.55	-18.39	
107	320.06	-44.25	-22.81	7.97	12.22	-41.14	
108	312.00	-53.31	5.50	7.81	-6.23	-27.69	
107	307.25	-47.13	20.44	-4.08	-14.49	-14.91	
110	311.38	-12.19	-45.19	-21.32	-12.42	-28.18	
109	316.94	27.31	-68.00	-5.77	-5.25	-42.43	
108	357.31	10.25	-66.37	13.42	-9.56	-30.14	
107	29.94	-5.13	-64.56	8.25	-9.23	-16.63	
110	43.19	-10.56	-57.13	23.76	11.24	1.72	
111	16.69	-43.81	-32.00	21.80	16.99	-14.51	
109	3.31	-56.88	6.44	5.52	-4.27	-42.47	
108	338.94	-61.13	19.87	6.21	-10.40	-31.68	
107	306.44	-67.69	2.75	-8.09	-15.28	-18.60	
110	325.63	-35.00	-21.75	-19.81	-23.06	-30.13	
107	357.56	-8.25	-84.37	-2.72	-16.92	-43.43	
110	5.00	12.00	-86.69	10.43	-9.53	-28.83	
109	15.25	12.88	-78.25	21.64	4.27	-7.61	
108	17.25	-22.25	-58.50	25.25	12.72	-20.85	
107	10.56	-40.81	-26.56	7.87	-7.31	-40.88	
110	2.94	-51.31	0.81	3.85	-16.18	-34.43	
111	344.00	-57.63	14.56	5.07	-11.30	-24.47	
109	307.94	-57.56	-28.25	-1.50	-10.82	-15.15	
108	329.56	-32.75	-33.56	-9.85	-12.98	-29.26	
107	7.75	-17.19	-74.00	-2.77	-10.20	-43.67	
110	37.44	-11.75	-101.37	6.50	-6.30	-26.98	
107	45.94	-4.13	-99.81	4.38	-9.36	-8.20	
110	42.63	4.69	-88.37	2.94	-9.62	-3.74	
109	37.31	-2.13	-74.06	16.35	7.98	-4.24	
108	13.06	-29.75	-66.69	17.96	6.05	-23.65	
109	1.81	-54.38	-52.88	7.92	-11.86	-40.15	
111	4.75	-64.00	-3.63	9.86	-10.02	-32.12	
110	356.50	-58.44	10.56	9.95	-5.21	-22.28	
109	333.06	-53.88	-12.44	9.54	-2.23	-15.84	
108	310.31	-40.69	-29.94	7.26	-4.10	-14.34	
107	301.00	-26.37	-31.06	-0.74	-5.81	-14.94	
108	327.88	-10.94	-42.69	-4.79	-4.87	-30.57	
107	356.13	-3.56	-77.12	0.39	-2.56	-35.94	
110	28.75	-9.06	-99.75	3.60	-4.50	-15.93	
111	53.75	-16.06	-106.62	4.02	-6.68	-3.01	
108	58.56	-14.56	-99.62	4.15	-7.08	-0.11	
109	43.44	-6.75	-86.44	2.62	-9.53	-5.24	
109	13.88	-8.19	-74.94	1.55	-10.17	-17.33	
110	330.88	-18.87	-76.56	-2.49	-5.24	-28.53	
109	323.56	-43.31	-65.62	-1.86	-5.13	-26.94	
108	354.69	-56.25	-17.25	2.60	-10.40	-18.80	
107	18.75	-44.00	-22.44	5.08	-6.87	-20.99	
110	39.19	-37.69	-53.06	6.33	-0.87	-18.81	
111	50.38	-30.19	-64.44	5.55	-2.14	-12.41	
110	46.13	-20.25	-57.50	6.12	-4.90	-12.23	
109	29.94	-23.19	-51.56	4.68	-5.21	-14.28	
107	5.44	-41.56	-57.94	-2.82	-4.43	-19.53	
108	7.44	-64.44	-39.13	-0.76	-4.95	-20.90	
107	18.50	-63.81	-5.06	8.41	-4.31	-17.98	
110	26.87	-55.00	-13.88	7.72	-3.40	-15.58	
109	33.50	-50.13	-43.75	6.17	-4.57	-14.30	
108	39.69	-42.44	-54.00	6.18	-4.43	-16.65	
107	39.69	-31.44	-44.19	5.03	-4.20	-17.14	
110	28.81	-35.06	-43.00	2.27	-5.50	-18.27	
111	14.06	-44.94	-38.25	0.19	-8.00	-20.96	
111	8.25	-49.44	-34.13	1.33	-8.14	-18.00	
108	11.75	-48.00	-33.13	2.39	-7.43	-15.99	
107	22.81	-38.88	-39.00	0.07	-7.26	-16.19	
108	38.00	-27.25	-56.63	2.40	-2.80	-21.32	
107	47.06	-16.44	-58.25	7.13	-1.57	-21.24	
110	47.63	-16.50	-49.63	6.67	-5.27	-14.89	
109	42.81	-30.94	-43.00	4.77	-6.31	-15.76	
108	36.06	-50.00	-36.75	-0.25	-9.24	-17.33	
107	31.19	-58.94	-27.19	-2.33	-11.75	-16.71	
110	25.62	-53.75	-30.19	1.52	-9.97	-16.48	
111	22.00	-40.38	-40.00	2.44	-8.21	-18.71	
109	23.25	-25.44	-41.44	1.83	-7.43	-20.18	
108	26.69	-16.75	-44.50	1.24	-5.75	-14.32	
107	31.00	-17.94	-51.88	0.91	-3.59	-10.53	
108	38.38	-23.56	-51.56	3.58	-5.36	-15.85	
109	44.06	-32.88	-46.25	6.16	-7.72	-17.62	
110	46.63	-43.31	-38.63	6.48	-7.06	-15.56	
109	45.69	-51.25	-28.87	3.00	-8.84	-11.67	
108	44.88	-56.88	-46.38	-15.81	-18.19	-11.58	
107	58.75	-31.94	-48.94	-9.19	-17.32	-25.28	
110	59.88	-13.50	-42.63	9.12	-8.81	-25.15	
111	58.06	-16.19	-41.06	9.68	-2.71	6.15	
109	55.88	-46.06	-53.44	-7.48	-8.74	-7.66	
108	42.19	-35.50	-39.19	-6.33	-17.05	-39.08	
107	31.25	-20.25	-26.62	11.59	-11.80	-29.77	
110	25.50	-18.19	-13.31	6.09	-8.26	-23.07	
107	21.87	-23.44	-2.75	2.46	-11.84	-15.14	
110	354.00	-34.31	-56.38	-17.08	-11.65	-26.17	
109	41.00	-13.94	-67.31	-11.21	-7.39	-42.57	
108	65.87	-5.94	-81.19	9.48	-7.80	-25.58	
107	82.31	-3.50	-83.87	8.03	-6.00	-4.69	
110	71.87	-17.25	-75.25	25.35	12.54	-8.27	
111	31.00	-55.25	-39.56	12.39	-3.50	-24.58	
109	15.44	-35.06	-24.31	-3.53	-27.53	-33.21	
108	349.06	-18.81	-12.50	7.55	-12.98	-30.20	
107	338.38	-16.44	3.13	-15.07	-23.38	-11.57	
108	331.38	1.37	-36.81	-22.50	-25.18	-21.58	
109	341.38	30.87	-78.94	-1.77	-9.08	-43.40	
110	357.81	33.44	-106.56	4.63	-6.49	-26.69	
109	28.31	21.81	-120.12	16.11	3.89	-4.21	
108	17.87	8.69	-86.37	32.37	21.89	-17.62	
109	348.13	-23.44	-27.75	17.29	-1.74	-43.51	
111	356.75	-9.88	-3.31	1.84	-21.40	-40.07	
110	345.25	4.75	4.88	2.41	-6.82	-25.65	
109	325.63	6.81	9.38	-16.68	-20.75	-2.47	
108	297.88	31.62	-36.19	-21.20	-17.07	-16.27	
107	301.44	55.63	-54.44	0.88	2.76	-37.82	
110	342.56	40.44	-90.94	9.04	1.16	-21.55	
109	22.06	12.38	-102.62	19.44	15.08	-0.83	
110	344.06	6.31	-52.88	15.64	30.52	-16.67	
109	335.50	-24.50	-12.13	0.64	7.56	-44.15	
109	339.44	-12.50	7.19	2.40	-10.21	-32.14	
108	327.56	-5.44	9.38	-0.56	-6.56	-15.17	
107	305.81	-5.81	-9.00	-21.43	-11.15	-12.84	
110	301.63	32.06	-40.94	-4.81	8.16	-27.82	
109	329.69	29.75	-64.25	17.23	10.25	-33.02	
108	3.94	13.38	-66.87	4.97	-8.91	-18.87	
107	22.31	3.75	-65.94	8.67	1.69	-0.87	
110	7.25	-11.19	-50.38	2.45	12.63	-18.05	
111	347.50	-25.56	-21.94	-3.69	0.24	-42.42	
111	331.06	-27.62	-3.63	3.73	-8.08	-31.74	
108	319.06	-30.19	9.81	-9.54	-13.82	-17.27	
107	324.81	-14.50	-16.81	-26.20	-21.30	-29.45	
108	339.06	11.19	-75.12	-9.36	-12.67	-45.00	
107	347.63	22.25	-98.81	4.57	-7.88	-28.46	
110	357.75	27.50	-106.75	-0.21	-8.50	-9.19	
109	6.81	23.50	-99.12	15.64	10.50	1.79	
108	345.75	4.88	-64.50	17.05	11.27	-18.35	
107	336.38	-23.37	-40.00	2.86	-9.26	-41.91	
110	344.94	-40.13	-11.31	6.54	-8.95	-33.96	
111	349.56	-36.19	12.50	4.92	-11.28	-21.59	
111	327.50	-33.69	-0.12	2.93	-9.26	-16.30	
108	315.38	-17.69	-18.75	-9.43	-6.55	-26.90	
107	331.38	10.44	-54.38	-9.72	-7.32	-40.78	
108	340.00	22.62	-88.25	4.69	-0.46	-29.96	
107	344.19	30.81	-94.50	15.12	13.54	-7.62	
110	326.38	13.31	-54.19	11.06	15.65	-22.64	
109	331.19	-14.00	-25.56	0.46	-2.23	-40.89	
108	347.75	-17.19	0.00	3.98	-8.71	-30.22	
107	352.13	-9.19	9.44	2.67	-5.66	-18.62	
110	322.88	-21.62	-35.44	-17.19	-5.27	-18.96	
111	330.81	22.81	-54.56	-11.07	-2.12	-32.50	
109	347.75	22.06	-58.94	12.89	0.85	-25.89	
108	15.69	0.88	-60.69	11.17	3.15	-9.00	
107	27.75	-14.75	-51.31	7.47	14.02	2.31	
108	20.12	-23.94	-39.38	7.11	6.54	-17.08	
109	3.06	-34.25	-19.06	4.68	-10.03	-35.80	
110	337.19	-43.94	-11.94	2.74	-7.60	-24.62	
109	331.00	-47.56	-2.44	-13.30	-22.06	-23.66	
110	7.50	-16.62	-65.69	-7.98	-21.63	-33.43	
111	22.31	0.50	-90.75	10.98	-6.98	-29.48	
109	27.56	12.19	-92.56	4.13	-9.41	-10.28	
110	32.50	15.44	-84.94	9.50	-1.69	0.18	
107	24.62	-7.75	-72.25	12.33	7.35	-18.82	
108	8.81	-30.50	-52.13	6.40	-1.54	-43.29	
107	7.13	-50.38	-23.62	3.78	-13.48	-37.30	
110	357.94	-57.94	-2.38	5.36	-9.73	-26.40	
109	340.06	-53.25	-4.31	0.06	-10.16	-19.21	
110	338.31	-34.63	-25.44	-12.30	-15.36	-31.09	
109	356.13	-9.44	-59.63	-4.07	-10.16	-42.74	
108	4.94	8.56	-76.75	6.16	-6.58	-28.38	
109	6.38	18.12	-79.62	16.26	8.73	0.14	
109	351.94	0.19	-60.25	14.99	16.62	-13.32	
110	352.06	-23.06	-28.12	2.79	-2.20	-40.63	
107	355.06	-31.50	-8.63	-3.66	-17.39	-23.85	
108	338.69	-27.25	-10.81	-15.43	-22.99	-7.62	
107	338.38	-10.44	-42.56	-18.87	-12.46	-25.28	
110	354.00	14.31	-68.62	-3.46	-3.94	-38.67	
109	17.94	12.69	-72.31	8.15	-7.42	-20.79	
110	34.81	1.44	-69.87	3.33	-9.09	-9.41	
109	44.75	-11.25	-63.13	5.94	-2.44	-4.09	
108	30.31	-28.56	-51.31	3.30	7.59	-19.68	
109	14.38	-42.81	-30.62	-3.90	-2.84	-38.73	
107	358.50	-41.88	-17.75	0.82	-11.70	-33.04	
110	339.25	-36.13	-11.31	4.30	-6.83	-23.61	
109	327.50	-30.44	-13.25	-15.93	-14.99	-17.47	
108	342.44	-5.00	-51.56	-18.34	-10.97	-30.54	
107	356.75	12.13	-77.75	3.23	-1.30	-34.76	
110	13.38	16.56	-82.19	5.10	-6.33	-16.44	
109	25.19	11.56	-76.56	1.77	-7.98	-7.19	
110	27.31	-5.19	-67.69	8.11	6.03	-4.45	
109	11.88	-24.81	-50.00	6.05	4.77	-24.06	
109	5.50	-39.38	-24.31	-2.41	-12.29	-35.46	
108	357.13	-41.88	-8.06	1.16	-10.17	-24.80	
107	343.56	-40.94	-1.37	-6.91	-14.63	-16.57	
110	335.38	-30.75	-27.31	-17.84	-18.41	-28.10	
109	355.00	-1.44	-62.00	-4.81	-10.11	-45.25	
108	8.19	12.75	-80.44	4.46	-7.91	-30.40	
107	20.19	16.81	-89.25	2.56	-6.97	-10.16	
110	30.44	9.56	-85.62	15.28	10.17	0.42	
111	2.19	-9.88	-61.00	14.74	13.54	-19.86	
111	347.44	-36.75	-37.31	2.27	-5.44	-41.29	
108	355.00	-46.88	-5.19	5.68	-8.83	-31.41	
107	353.94	-43.31	12.13	5.11	-8.94	-20.52	
108	327.13	-38.88	-17.12	-15.91	-20.31	-21.80	
109	341.38	-1.63	-52.00	-11.86	-17.24	-35.97	
108	348.56	16.75	-74.19	6.45	-6.32	-34.92	
109	3.75	23.87	-89.87	4.07	-5.38	-15.76	
108	21.19	15.69	-92.25	5.13	-3.60	-4.14	
107	27.31	1.63	-80.56	11.92	10.87	-5.82	
110	356.63	-14.56	-53.63	8.75	6.99	-27.57	
111	345.19	-40.63	-35.63	0.53	-10.58	-40.72	
111	351.06	-51.88	-0.94	2.49	-10.00	-29.68	
108	347.63	-45.75	7.56	-1.10	-12.04	-17.89	
107	335.50	-31.25	-32.81	-19.76	-16.08	-28.26	
110	352.56	3.13	-63.63	-11.73	-9.11	-43.52	
109	3.94	19.25	-70.31	6.46	-5.07	-32.63	
110	18.81	22.19	-71.81	0.66	-9.27	-14.77	
107	34.63	12.31	-70.44	10.97	-0.65	0.22	
108	35.06	-15.75	-66.75	15.68	16.33	-16.41	
111	12.69	-34.94	-38.63	0.05	5.61	-43.17	
108	6.31	-47.06	-12.94	-1.67	-11.85	-38.31	
111	355.00	-45.06	5.25	2.08	-11.80	-23.72	
107	334.13	-42.88	-7.44	-6.41	-13.88	-14.14	
108	339.75	-23.62	-30.00	-16.75	-14.48	-29.60	
107	358.88	-0.25	-67.87	-6.47	-7.96	-43.41	
110	11.88	13.81	-80.25	5.69	-3.65	-25.55	
109	19.87	15.81	-79.31	2.30	-6.61	-8.48	
110	26.62	7.44	-71.75	2.29	-6.88	-5.29	
107	15.06	-11.06	-61.81	2.11	7.15	-15.91	
108	359.13	-31.37	-38.69	-3.22	2.04	-35.19	
109	0.69	-36.63	-11.81	-2.04	-13.00	-33.05	
111	352.13	-27.50	-10.81	4.58	-6.81	-20.26	
110	340.75	-21.12	-14.19	4.00	-4.39	-16.20	
107	332.50	-19.69	-24.87	-15.49	-7.88	-10.00	
108	348.44	-1.19	-58.06	-13.40	-4.36	-23.95	
107	13.00	6.25	-72.50	4.84	-3.04	-29.18	
110	29.44	3.00	-72.31	1.74	-9.59	-12.88	
109	35.75	-3.88	-62.06	1.08	-9.99	-11.13	
110	29.06	-19.81	-53.44	0.47	4.16	-7.31	
109	13.88	-38.25	-39.50	-2.70	2.24	-22.32	
108	6.38	-41.69	-15.19	-0.38	-11.03	-32.62	
109	353.75	-35.69	-15.00	4.35	-7.29	-20.04	
107	342.94	-30.44	-19.69	-11.37	-12.67	-9.51	
110	356.19	-14.81	-50.69	-14.32	-4.29	-23.32	
109	15.13	1.44	-67.19	5.11	4.15	-35.19	
108	31.87	-0.44	-56.88	8.37	-5.60	-20.77	
107	41.13	-13.94	-44.63	5.15	-7.61	-15.22	
110	46.00	-32.19	-35.06	3.89	-5.15	-9.36	
109	45.75	-54.94	-37.00	-7.69	-9.28	-15.64	
110	28.81	-45.38	-29.62	-3.17	-11.68	-27.59	
109	7.00	-34.06	-28.94	10.16	-8.35	-24.41	
108	350.56	-34.56	-25.69	4.80	-8.63	-18.50	
111	355.19	-39.19	-31.94	-15.99	-19.35	-20.44	
109	29.87	-18.62	-64.44	-8.21	-12.11	-30.70	
110	50.44	-7.19	-70.12	11.79	-1.36	-25.84	
107	55.63	-2.06	-64.25	6.25	-7.97	-10.94	
108	55.31	-11.69	-56.19	11.00	1.60	-3.32	
107	44.19	-38.00	-51.75	9.86	2.23	-21.71	
110	37.13	-52.75	-26.44	3.08	-9.93	-36.77	
111	26.62	-57.06	-6.81	-0.50	-19.75	-22.52	
111	4.19	-54.88	-41.13	-17.72	-29.19	-24.62	
110	19.94	-19.44	-46.13	-10.32	-20.97	-39.71	
107	27.25	1.19	-53.38	9.26	-8.08	-32.22	
110	40.13	5.25	-63.25	6.98	-6.51	-12.62	
109	53.25	-12.31	-67.81	14.00	11.98	-1.07	
110	38.31	-30.44	-50.00	12.59	7.54	-20.00	
107	28.00	-49.75	-28.31	3.25	-14.85	-37.05	
108	15.81	-61.06	-13.38	3.33	-12.46	-26.93	
111	355.81	-62.38	-22.37	-13.44	-25.71	-19.58	
109	17.69	-31.31	-51.25	-7.69	-25.44	-29.78	
110	27.62	-8.19	-65.94	12.39	-9.69	-36.34	
107	34.25	9.88	-69.31	9.43	-7.97	-18.67	
108	44.44	8.19	-70.75	6.55	-7.07	-5.93	
107	58.06	-10.75	-69.81	11.48	3.79	1.48	
110	47.56	-30.75	-58.63	11.30	3.33	-18.99	
109	32.38	-49.44	-40.25	2.77	-10.96	-39.68	
110	21.69	-66.12	-22.50	-0.43	-15.89	-28.65	
109	2.00	-58.00	-28.69	-5.91	-18.98	-20.31	
108	0.00	-36.88	-37.94	-12.02	-18.89	-29.59	
111	12.50	-10.56	-54.94	-3.38	-13.32	-38.97	
109	23.75	6.88	-63.94	6.23	-8.33	-25.48	
110	35.69	3.69	-70.62	6.33	-5.27	-6.35	
107	40.75	-15.19	-69.81	10.00	9.75	-4.95	
108	25.94	-29.81	-51.19	5.50	4.43	-27.12	
109	16.50	-46.19	-28.69	-0.84	-14.51	-34.10	
108	4.38	-50.38	-20.12	-2.35	-15.92	-21.58	
107	348.25	-40.19	-26.44	0.88	-11.28	-20.42	
110	339.38	-24.56	-26.06	1.77	-7.41	-20.46	
109	342.44	-12.13	-42.13	-16.35	-6.56	-23.25	
109	2.06	5.19	-71.75	-9.02	1.21	-28.02	
110	31.25	1.94	-69.06	9.01	-1.07	-22.15	
109	46.63	-11.44	-60.94	10.38	-0.74	-4.65	
110	41.94	-35.19	-53.13	4.55	5.97	-17.65	
107	27.12	-39.25	-39.81	-9.50	-10.92	-33.79	
108	1.25	-29.50	-35.38	-3.65	-19.25	-27.09	
109	348.88	-24.56	-25.50	5.05	-10.06	-26.73	
108	342.25	-30.00	-25.25	-14.68	-25.00	-11.37	
109	11.81	-7.38	-65.25	-11.68	-24.29	-20.53	
110	36.06	0.37	-84.62	10.15	-6.73	-29.72	
109	51.25	-0.06	-86.19	24.36	10.88	1.21	
107	17.62	-18.69	-62.44	21.82	18.32	-12.47	
110	13.06	-41.44	-34.44	-3.62	-11.32	-35.81	
109	3.25	-35.50	-13.00	-2.20	-20.07	-28.68	
110	348.88	-28.00	0.56	-11.56	-24.72	-20.67	
109	327.25	-15.69	-38.56	-32.78	-28.93	-29.34	
108	350.25	19.94	-76.31	-10.89	-13.45	-44.00	
111	16.31	19.37	-88.50	10.33	-6.56	-27.14	
111	46.50	-6.75	-88.81	23.84	12.29	-12.54	
110	2.63	-29.87	-48.88	11.47	3.69	-28.51	
107	2.06	-40.25	-29.19	-10.40	-22.89	-44.11	
108	339.25	-15.44	-17.25	1.02	-16.87	-36.26	
109	325.44	-4.13	-5.88	2.75	-7.62	-23.74	
110	311.06	-2.38	-8.13	-19.23	-18.96	-4.31	
109	309.06	23.62	-55.13	-15.98	-7.70	-17.31	
108	329.00	29.06	-80.81	5.41	1.36	-37.19	
109	4.94	9.06	-79.50	4.05	-12.53	-21.70	
108	31.06	-6.63	-75.12	4.31	-9.82	-11.44	
109	37.94	-15.31	-68.31	10.55	8.66	-1.21	
109	15.63	-28.31	-55.63	-3.32	5.05	-17.07	
110	358.00	-39.13	-35.63	-15.55	-20.10	-37.16	
109	337.19	-17.81	-25.75	-1.85	-16.89	-27.63	
110	325.31	-5.94	-18.44	-10.45	-17.77	-7.55	
109	323.75	3.75	-48.63	-16.52	-10.52	-19.05	
110	353.69	16.50	-76.44	2.61	0.11	-36.72	
111	32.69	3.75	-88.94	9.41	-5.59	-17.92	
107	52.44	-9.56	-86.87	9.88	1.09	-3.93	
108	47.56	-16.06	-71.87	9.04	-0.30	-10.27	
109	34.06	-29.37	-56.31	4.40	-9.22	-23.82	
110	23.44	-52.25	-50.63	0.84	-10.20	-24.51	
109	20.81	-64.75	-37.50	-5.39	-15.72	-20.79	
108	12.75	-49.00	-38.19	-1.93	-15.56	-22.62	
107	356.81	-26.75	-40.75	3.14	-10.92	-22.76	
108	344.19	-12.00	-38.69	3.59	-8.84	-19.76	
111	336.88	-2.50	-35.50	-0.06	-8.19	-14.18	
108	332.00	0.06	-42.06	-4.83	-7.57	-11.76	
111	336.69	5.13	-53.75	-3.32	-5.26	-14.41	
107	343.00	5.38	-62.50	-1.35	-4.62	-12.71	
108	348.19	1.44	-66.87	-0.65	-5.43	-11.97	
109	346.50	-8.06	-63.13	-0.75	-6.10	-14.50	
110	348.50	-21.62	-55.06	-1.60	-6.63	-17.42	
109	3.56	-35.19	-41.44	-1.17	-8.40	-17.43	
108	21.31	-41.69	-42.69	1.41	-8.44	-15.81	
107	38.38	-40.50	-60.25	3.37	-4.97	-13.63	
108	45.50	-33.19	-65.81	4.87	-3.33	-12.64	
109	35.81	-23.69	-57.94	5.67	-5.29	-14.95	
110	13.00	-26.69	-47.56	0.34	-7.73	-16.36	
111	354.06	-40.38	-43.19	-3.59	-9.12	-17.55	
107	353.13	-48.06	-30.94	-4.76	-12.11	-17.83	
108	6.44	-41.00	-37.00	-1.05	-10.63	-21.67	
109	23.19	-32.19	-59.94	5.57	-6.39	-22.93	
110	35.88	-25.75	-71.25	6.01	-7.34	-15.88	
109	40.00	-18.50	-71.81	8.02	2.98	-2.54	
108	2.69	-18.06	-56.56	-6.62	6.39	-18.52	
107	348.31	-33.19	-31.25	-6.75	-5.49	-38.94	
108	352.19	-23.19	-18.19	7.00	-8.63	-26.20	
109	346.19	-17.81	-34.13	-16.18	-11.85	-8.23	
111	358.88	6.00	-68.56	-11.68	-14.46	-20.18	
110	26.19	10.94	-70.44	8.19	-11.40	-29.58	
107	48.81	1.06	-72.69	2.67	-10.11	-12.39	
108	67.12	-12.81	-70.50	21.62	9.89	8.65	
109	30.81	-38.00	-55.50	13.17	18.20	-8.95	
110	19.50	-48.88	-34.56	-14.28	-15.77	-41.55	
109	349.31	-25.50	-20.87	-2.72	-24.75	-35.20	
108	331.44	-19.00	-6.94	2.99	-10.71	-24.97	
109	316.19	-17.37	-11.19	-19.20	-21.62	-17.20	
111	326.06	20.50	-64.69	-15.45	-19.67	-29.25	
110	336.63	31.56	-93.69	7.57	-2.31	-31.28	
109	9.44	20.12	-98.31	6.59	-3.80	-12.20	
108	18.94	4.50	-88.25	20.93	10.37	5.36	
107	350.88	-22.87	-40.81	9.64	0.61	-12.70	
108	354.44	-21.56	-13.13	-4.10	-19.76	-39.98	
109	339.13	-5.81	-3.06	5.31	-11.15	-26.89	
110	307.06	-4.25	-3.31	-3.36	-8.12	-14.66	
111	277.88	3.19	-0.31	-3.04	-3.02	-17.29	
109	264.81	14.69	6.19	-15.92	2.17	-12.00	
110	253.50	38.50	-5.19	-5.13	16.50	-24.80	
107	266.88	50.56	-30.25	14.18	16.07	-35.05	
110	301.69	36.81	-69.87	5.18	1.79	-23.05	
109	334.25	23.37	-88.56	1.06	-5.77	-21.48	
108	357.50	18.06	-87.25	3.85	-1.08	-9.84	
107	339.44	5.81	-59.06	2.66	19.21	-21.32	
110	327.81	-17.37	-21.50	-0.64	8.54	-45.42	
111	326.19	-17.06	3.81	4.11	-7.90	-35.70	
109	317.81	-13.81	17.12	-0.41	-6.79	-17.23	
108	296.63	-10.94	-10.31	-21.40	-13.96	-26.86	
107	299.00	29.19	-57.94	-11.62	-2.40	-42.23	
110	304.56	42.44	-71.06	13.60	9.35	-30.61	
107	332.75	25.00	-70.94	8.93	-0.50	-19.49	
110	358.81	6.63	-64.06	5.39	-3.62	-12.37	
109	3.50	-11.19	-55.94	1.96	9.54	-6.67	
108	348.44	-17.50	-38.69	-7.30	0.28	-21.66	
107	322.81	-13.69	-17.62	-3.73	-13.12	-34.45	
110	305.38	-14.75	-3.63	3.34	-5.27	-25.84	
111	306.06	-15.00	-7.25	-17.16	-21.06	-16.70	
109	318.06	29.81	-70.37	-1.30	-5.58	-22.54	
108	347.94	16.06	-69.00	20.16	6.74	-29.41	
107	15.13	-1.88	-58.19	6.75	-12.38	-22.29	
110	31.94	-19.62	-52.38	9.55	0.89	-1.24	
107	27.50	-36.19	-52.06	3.01	1.37	-14.92	
110	0.50	-34.31	-24.56	1.88	-8.60	-41.36	
109	334.88	-39.69	-10.25	8.18	-6.43	-32.12	
108	317.38	-50.56	-3.44	-12.44	-22.29	-15.69	
107	8.56	-8.81	-80.69	-18.58	-10.03	-23.28	
110	13.63	15.63	-73.12	2.34	3.98	-32.33	
111	33.63	-2.31	-59.25	15.06	-5.97	-8.55	
109	45.25	-38.94	-52.25	13.77	9.85	-14.84	
108	35.94	-44.19	-32.25	5.73	0.99	-40.79	
107	5.44	-42.94	-17.50	5.36	-14.90	-41.59	
108	337.75	-53.00	-9.44	-0.12	-17.84	-29.38	
109	339.75	-41.94	-28.44	-20.40	-32.86	-33.16	
110	18.06	4.50	-79.25	-2.79	-23.90	-42.80	
109	48.25	-10.00	-64.31	34.51	11.88	-12.77	
108	59.50	-44.19	-39.13	29.01	20.79	-15.11	
109	47.13	-57.56	-20.00	18.31	-0.83	-44.42	
111	12.63	-60.25	-2.56	15.08	-12.60	-40.87	
110	342.50	-53.00	-48.81	-10.68	-27.89	-40.68	
109	33.50	-4.63	-68.25	4.00	-13.35	-26.04	
108	63.63	-47.50	-43.94	34.75	19.28	-26.14	
107	51.81	-51.25	-34.44	12.70	-9.21	-40.83	
110	5.06	-46.06	-30.62	2.72	-28.94	-41.38	
109	337.75	-51.44	-35.00	-11.01	-30.47	-23.73	
110	21.87	-7.44	-83.81	1.16	-9.54	-21.32	
109	50.75	-32.56	-66.94	39.18	27.63	-35.91	
109	63.31	-55.94	-38.19	27.77	8.44	-36.39	
108	34.25	-46.44	-19.56	12.34	-20.70	-43.40	
109	6.88	-53.00	-7.69	-8.66	-33.34	-19.39	
110	18.25	-30.69	-67.81	-32.59	-37.17	-17.80	
109	45.63	-14.94	-72.56	3.77	-2.16	-25.61	
108	72.50	-59.25	-40.50	32.56	16.70	-23.39	
109	51.69	-57.75	-43.75	22.33	-11.30	-40.48	
110	18.50	-51.75	-20.69	15.60	-22.36	-42.87	
111	333.44	-49.69	-57.88	-11.15	-32.04	-35.87	
109	40.94	-15.25	-92.12	-1.26	-10.22	-33.94	
108	60.00	-42.94	-73.00	37.78	28.63	-34.45	
107	62.31	-59.38	-52.56	25.38	0.72	-32.15	
110	23.31	-44.75	-47.06	8.26	-29.76	-39.11	
109	351.31	-43.31	-44.06	-5.89	-34.09	-32.51	
110	359.69	-21.37	-67.06	-29.52	-41.47	-31.91	
107	41.13	-6.13	-88.37	-10.90	-33.22	-41.13	
108	81.87	-18.25	-66.62	15.40	-16.37	-28.65	
107	118.50	-45.19	-51.44	31.56	12.06	-7.88	
110	76.69	-68.06	-44.50	29.44	11.33	-19.70	
111	48.13	-79.44	-112.81	11.94	-13.42	-39.90	
109	5.19	-60.94	-118.81	-9.73	-29.53	-25.34	
108	70.50	-46.44	-77.81	-9.55	-29.02	-26.49	
107	87.62	-32.50	-55.63	28.02	8.86	-3.56	
110	98.19	-73.69	-29.56	22.96	9.06	-4.04	
109	63.13	-67.50	-62.94	9.12	-23.46	-41.27	
110	19.44	-56.38	-47.50	12.06	-27.07	-37.65	
107	351.25	-53.13	-49.19	-12.03	-32.58	-22.89	
108	42.25	-19.56	-92.94	-15.41	-20.54	-25.08	
109	65.31	-13.94	-77.25	21.57	16.43	-1.69	
111	86.00	-67.00	-59.00	25.05	8.80	-2.91	
108	56.38	-59.38	-73.31	4.06	-27.18	-40.98	
109	17.44	-45.69	-48.69	4.54	-31.74	-39.46	
108	4.44	-50.56	-29.50	-0.41	-31.31	-28.47	
107	353.88	-18.75	-68.25	-22.68	-43.25	-30.73	
110	45.44	0.63	-95.94	1.52	-13.71	-30.10	
109	74.56	-41.75	-88.75	42.40	25.07	-28.46	
110	52.88	-55.31	-72.87	21.54	-6.32	-32.65	
109	8.13	-28.37	-64.00	-7.00	-41.74	-32.77	
108	1.37	-19.06	-39.63	-4.68	-31.23	-33.04	
111	356.88	-12.44	-26.62	1.88	-18.21	-22.97	
109	343.00	-5.19	-22.56	0.96	-9.88	-19.02	
110	331.38	-0.94	-16.87	-0.60	-6.04	-17.20	
107	321.75	2.50	-14.94	-8.99	-9.05	-13.59	
108	323.06	8.69	-43.94	-28.78	-12.43	-24.38	
109	358.19	13.63	-104.25	-6.06	9.04	-24.52	
110	353.94	6.00	-83.69	3.60	23.41	-23.45	
111	16.19	-17.25	-76.25	-12.24	-5.12	-37.16	
109	20.62	-7.38	-77.87	5.43	-9.12	-5.32	
108	21.81	-21.25	-88.31	-2.69	-4.95	8.29	
107	29.94	-21.19	-88.44	-0.20	-16.52	-13.25	
110	26.00	-21.75	-81.37	-4.48	-12.59	-1.15	
109	23.37	-18.25	-92.06	-6.54	-17.16	-11.43	
110	25.69	-20.31	-82.69	-2.83	-18.28	-5.29	
107	21.31	-17.06	-93.69	-5.48	-20.31	-6.98	
108	21.62	-15.81	-77.56	6.78	-28.43	-4.88	
107	14.38	-15.13	-97.12	0.58	-15.57	-4.24	
110	24.00	-15.81	-89.25	8.44	-10.62	-16.15	
111	19.25	-20.06	-98.50	4.84	-19.26	-12.23	
109	22.56	-16.56	-93.37	2.55	-24.63	-18.35	
110	16.06	-15.88	-95.50	-10.53	-20.70	-4.48	
107	16.31	-11.00	-101.12	-7.49	-19.22	-12.88	
110	21.69	-17.00	-92.00	0.55	-14.10	2.07	
109	12.56	-13.00	-107.06	-3.66	-12.91	2.10	
110	21.50	-13.88	-85.19	16.60	-27.42	-31.96	
111	23.87	-11.50	-58.81	16.04	-26.43	-31.98	
111	19.31	-10.81	-38.81	8.95	-20.62	-23.09	
108	4.69	-14.31	-26.81	2.80	-22.22	-20.32	
109	310.00	-8.69	-41.44	-19.28	-35.79	-25.64	
110	17.19	-8.94	-126.62	-12.30	-24.81	-32.94	
109	81.12	-20.50	-131.00	15.85	-3.12	-20.75	
110	79.44	-25.50	-122.12	30.71	14.82	-4.13	
111	18.00	-26.62	-97.31	24.70	2.97	-18.94	
108	8.06	-28.06	-75.06	6.91	-24.83	-39.87	
111	321.94	-9.75	-64.50	-14.86	-35.84	-23.52	
107	20.62	-0.06	-122.56	-4.59	-19.33	-19.67	
108	79.06	-30.25	-117.37	31.35	5.48	-22.70	
109	117.69	-64.69	-103.06	28.80	1.44	-13.83	
110	112.75	-69.56	-62.63	21.88	-1.08	-17.58	
109	106.56	-79.25	-30.44	21.92	-2.79	-14.95	
108	119.37	-75.44	83.87	21.78	-0.95	-9.39	
107	134.19	-58.50	88.37	20.68	2.15	-6.25	
108	149.50	-43.94	83.75	23.45	8.13	-1.48	
111	170.81	-24.37	77.94	23.26	16.29	-3.12	
109	182.94	-6.69	77.06	21.56	22.35	-9.14	
110	197.63	21.81	74.62	20.31	26.85	-16.59	
107	212.94	50.88	83.25	15.21	28.62	-23.93	
108	244.25	73.69	137.44	9.14	24.25	-21.30	
109	288.81	65.50	-134.50	4.93	17.26	-16.14	
110	331.81	40.56	-106.69	1.83	6.26	-11.77	
113	1.31	15.75	-93.81	0.23	-4.48	-6.18	
108	14.75	-4.94	-91.87	-0.22	-8.30	-1.84	
109	17.75	-17.06	-89.81	0.03	-9.88	-4.59	
109	15.63	-22.00	-87.37	0.50	-11.71	-7.50	
110	5.81	-18.37	-85.87	-0.86	-13.12	-8.00	
109	351.13	-8.38	-77.69	-0.22	-12.67	-14.11	
108	333.06	1.25	-64.75	-3.11	-13.53	-14.67	
107	316.44	4.56	-52.50	-23.60	-18.06	-7.34	
108	351.69	-5.00	-84.37	-16.07	-15.31	-21.84	
107	36.88	-13.69	-121.44	6.91	-7.75	-29.15	
110	78.00	-20.81	-128.44	24.30	13.00	13.31	
111	336.88	2.81	-85.56	5.94	-8.11	1.46	
109	335.63	12.94	-59.75	-14.24	-36.57	-39.77	
110	319.75	39.50	-33.19	-0.91	-17.09	-31.51	
109	318.38	46.63	-5.19	-7.19	-9.88	-16.83	
110	290.56	35.94	2.94	-28.14	-12.53	-27.46	
109	260.63	74.44	-149.44	-21.31	-5.28	-41.77	
110	256.50	46.00	-174.44	7.97	6.44	-20.49	
111	290.69	51.81	-124.69	19.41	21.68	-19.84	
109	316.25	32.63	-41.63	3.93	-3.44	-39.28	
110	311.75	46.56	-15.44	-10.29	-25.00	-37.18	
109	302.81	55.50	23.44	-5.26	-5.53	-22.42	
108	283.00	41.25	43.19	-26.87	-15.32	1.56	
107	236.31	65.81	53.00	-18.30	-7.77	-12.57	
110	222.75	63.50	130.38	6.11	8.88	-32.67	
109	238.06	52.69	-174.69	14.59	18.97	-4.93	
110	279.38	63.75	-33.13	3.23	29.42	-14.50	
109	306.88	39.06	5.88	-13.67	4.47	-37.96	
108	311.13	46.19	26.81	-7.64	-10.92	-21.89	
111	291.31	36.13	46.38	-16.19	-9.27	-3.02	
109	263.13	40.81	26.31	-30.60	-5.78	-20.60	
110	228.75	76.31	61.75	-15.12	6.03	-39.31	
107	216.06	66.62	154.63	6.65	10.87	-24.58	
108	244.69	63.25	-159.94	18.82	24.67	-15.12	
109	270.63	53.13	-8.31	11.69	15.95	-29.69	
110	299.38	33.88	5.25	-7.50	-8.58	-36.84	
109	309.13	34.69	18.44	-13.67	-15.79	-16.60	
111	279.94	25.19	23.44	-31.30	-16.36	-14.67	
108	253.69	65.44	-0.75	-21.18	-7.19	-33.54	
109	234.44	81.06	153.25	-0.83	-0.39	-32.15	
110	221.94	57.44	172.69	10.00	15.04	-10.78	
109	257.19	73.06	-101.19	18.37	32.45	-20.27	
110	273.38	25.31	7.50	2.69	11.48	-43.27	
107	301.69	32.88	19.25	-5.79	-8.81	-34.06	
108	311.25	45.31	27.12	-11.67	-20.37	-7.70	
111	263.00	19.69	0.75	-29.46	-12.97	-20.89	
109	244.63	61.31	20.37	-13.89	6.69	-44.95	
110	261.75	79.94	-41.44	9.07	5.24	-26.05	
107	288.94	50.00	-102.06	4.86	7.95	-9.15	
108	310.00	39.31	-102.12	-0.09	2.11	-10.62	
107	317.25	38.63	-80.37	-3.50	-5.79	-14.17	
110	313.88	30.62	-54.06	-6.14	-6.01	-14.13	
109	308.25	10.44	-36.75	-15.87	-5.78	-15.54	
110	321.19	6.44	-40.75	-21.87	-7.32	-25.48	
109	320.44	26.69	-74.19	-10.44	-8.00	-29.68	
111	320.75	41.31	-83.12	-1.99	-7.03	-17.35	
110	316.06	50.31	-70.31	-4.45	-5.97	-9.40	
107	309.06	46.69	-45.25	-5.55	-4.99	-7.29	
110	292.81	18.37	-32.00	-23.57	3.51	-5.93	
107	314.13	23.62	-47.31	-23.87	2.80	-26.33	
108	321.88	31.44	-82.87	-3.07	-5.43	-29.89	
109	327.56	34.88	-91.75	5.12	3.67	-0.01	
110	300.88	28.19	-44.31	-9.24	21.04	-15.46	
111	305.00	12.25	2.38	-14.38	13.14	-41.19	
109	304.13	19.56	19.00	-0.66	-1.69	-26.68	
108	297.25	23.25	29.50	-2.26	-9.19	-6.24	
109	264.94	18.62	-7.63	-22.00	-6.26	-22.29	
108	256.88	64.06	-20.69	-8.90	11.94	-36.25	
107	290.56	54.44	-85.19	14.32	6.35	-24.61	
110	321.25	33.50	-95.31	19.38	12.74	-1.69	
109	313.69	7.19	-29.94	13.78	9.12	-12.94	
110	317.25	4.06	6.25	-2.51	-9.31	-42.15	
111	315.94	3.88	32.81	-17.20	-19.65	-24.11	
109	274.44	6.19	-3.56	-38.75	-27.55	-30.00	
110	260.69	64.37	-46.88	-5.78	0.46	-37.18	
107	311.88	39.75	-93.00	19.38	5.41	-28.68	
108	357.25	19.00	-100.12	22.23	9.20	-7.99	
109	340.19	3.88	-59.75	20.67	25.49	-14.35	
110	334.81	-18.31	-24.94	2.29	2.21	-43.09	
109	322.00	-20.69	3.31	1.67	-11.91	-37.33	
108	305.13	-22.81	23.75	-9.49	-20.31	-23.07	
109	289.19	-8.69	-10.81	-30.40	-28.15	-31.12	
108	288.19	40.38	-81.06	-4.42	-7.11	-41.11	
109	307.63	45.19	-94.44	16.81	0.76	-26.27	
109	345.25	22.56	-98.56	20.29	11.43	-3.91	
110	335.38	8.06	-65.75	20.72	18.33	-16.39	
109	319.94	-17.00	-30.62	2.85	-4.30	-45.64	
110	320.63	-30.31	-1.56	3.30	-10.69	-38.58	
109	317.06	-28.94	19.75	3.74	-13.28	-22.23	
110	287.63	-25.87	-14.13	-17.52	-20.75	-31.25	
111	297.88	29.12	-74.31	-13.66	-17.52	-44.73	
109	308.50	40.75	-89.69	7.05	-11.30	-33.31	
110	337.81	33.00	-106.56	2.80	-8.74	-17.71	
107	2.56	22.81	-111.81	0.29	-8.35	-6.25	
110	32.94	3.56	-106.94	18.36	10.91	-2.23	
109	2.69	-2.88	-75.19	22.57	17.68	-22.01	
108	310.06	-25.00	-57.31	4.34	-3.42	-42.87	
107	303.44	-52.81	-41.75	3.95	-11.26	-36.39	
110	317.13	-53.31	8.13	8.38	-7.85	-25.21	
111	315.44	-37.13	10.63	-7.80	-21.70	-17.43	
109	301.56	-3.69	-48.81	-10.94	-27.46	-29.44	
108	303.94	29.56	-62.50	5.52	-13.84	-41.94	
107	318.38	37.19	-78.75	5.78	-9.04	-30.31	
110	349.44	26.19	-96.31	1.23	-8.35	-15.63	
107	14.56	13.25	-102.37	4.45	-5.11	-4.32	
110	22.12	-0.50	-92.44	18.40	14.17	-10.29	
109	318.63	-11.75	-55.69	9.93	9.64	-32.71	
108	301.63	-43.69	-39.00	-2.20	-11.07	-39.70	
107	317.88	-45.13	5.19	5.41	-8.94	-28.21	
110	310.63	-34.00	-8.00	-13.01	-23.11	-5.95	
111	305.56	21.94	-64.31	-2.67	-26.55	-16.70	
109	326.38	18.31	-67.37	22.95	-8.53	-38.03	
108	11.38	-2.38	-67.75	14.49	-4.73	-27.52	
107	36.50	-8.06	-61.31	8.49	-6.43	-18.91	
108	47.06	-9.06	-52.13	4.50	-7.87	-15.20	
109	52.63	-11.31	-38.56	15.70	0.46	-2.85	
110	57.00	-50.00	-35.38	15.17	10.72	-17.66	
109	54.31	-55.56	6.81	-0.98	-4.81	-38.04	
108	29.00	-55.88	13.69	3.50	-13.94	-34.71	
109	358.56	-57.13	18.06	7.60	-12.59	-26.38	
111	345.69	-36.31	-52.63	-14.80	-23.29	-29.56	
110	10.44	-0.94	-59.75	2.99	-7.13	-34.66	
109	63.00	-24.75	-43.69	31.13	5.11	-31.96	
108	82.75	-15.31	-21.19	17.03	-3.41	-34.47	
107	94.56	-7.19	-4.69	25.79	11.02	-3.12	
108	130.13	-31.87	24.94	27.23	27.14	-11.34	
107	139.56	-25.44	47.31	7.48	7.35	-29.21	
110	107.37	-50.69	43.94	-3.63	-21.94	-22.60	
111	53.25	-77.37	21.94	2.02	-23.09	-37.36	
108	21.56	-78.94	33.50	-4.73	-26.88	-29.15	
109	22.81	-45.81	-51.31	-27.37	-26.90	-30.48	
109	42.38	-12.06	-52.63	3.09	-9.40	-36.62	
110	103.62	-30.37	-24.19	37.39	6.48	-32.65	
109	120.50	-16.00	-6.38	30.99	13.75	-32.64	
108	139.69	-11.88	12.50	23.86	10.48	-29.33	
107	164.75	1.19	26.12	21.67	11.84	-26.96	
110	194.44	22.56	23.94	22.53	17.05	-24.76	
109	227.00	46.31	-1.75	23.04	26.70	-24.49	
108	269.38	49.13	-44.25	20.35	28.61	-32.06	
109	310.38	33.38	-59.31	16.47	18.45	-32.22	
108	354.75	7.19	-61.94	14.73	10.43	-23.53	
111	39.88	-18.37	-51.38	15.83	8.00	-21.87	
107	73.00	-33.75	-33.13	17.80	8.81	-20.58	
110	106.00	-36.25	-7.19	19.13	11.61	-19.41	
109	134.44	-26.12	11.56	21.09	15.77	-19.53	
108	162.63	-8.75	20.62	24.00	21.39	-20.46	
107	194.75	14.38	17.31	27.54	29.79	-25.44	
110	230.31	35.56	4.13	28.83	34.87	-31.43	
111	270.31	43.13	-24.69	26.64	33.28	-32.31	
111	317.38	31.44	-59.06	14.89	14.07	-37.77	
108	10.69	16.50	-67.87	5.13	-5.45	-37.41	
107	53.56	4.63	-72.00	7.13	-5.17	-21.25	
108	91.06	-12.50	-67.00	16.50	10.73	-4.49	
107	72.50	-26.19	-41.06	18.95	24.09	-21.81	
110	47.19	-63.56	-29.31	-2.82	-1.80	-41.94	
109	31.50	-67.37	-6.44	-9.44	-21.86	-37.11	
108	359.56	-48.50	-14.69	6.31	-10.57	-34.73	
107	338.63	-36.69	-15.69	-10.73	-23.29	-26.66	
110	345.44	18.87	-65.25	-6.59	-22.12	-31.58	
111	8.75	29.56	-60.69	24.39	-2.46	-21.32	
109	45.06	-20.62	-65.81	29.82	14.40	-21.26	
108	42.44	-43.69	-28.69	9.17	-2.72	-38.68	
107	10.19	-32.69	-12.19	-1.33	-25.09	-40.16	
108	342.69	-43.63	4.25	-9.90	-26.20	-35.09	
109	342.38	-27.69	-23.75	-32.91	-40.29	-35.38	
110	14.31	15.94	-83.56	-8.63	-28.03	-42.51	
109	58.81	-19.50	-70.75	30.61	8.26	-27.57	
108	53.44	-43.56	-34.25	18.48	3.93	-28.29	
107	25.19	-45.06	-21.44	1.57	-25.41	-41.39	
110	356.06	-52.81	-2.56	-11.37	-33.81	-27.85	
111	10.81	-17.87	-60.25	-33.81	-24.99	-28.36	
109	36.81	-5.56	-69.06	1.99	9.78	-19.92	
108	62.69	-46.31	-41.50	25.54	13.05	-14.25	
107	36.44	-43.44	-38.69	15.13	-16.92	-38.65	
108	11.00	-39.00	-17.56	8.42	-31.05	-32.51	
109	355.19	-29.87	-52.25	-18.94	-38.63	-32.30	
110	27.44	-3.38	-75.44	2.61	-7.54	-26.74	
109	58.25	-46.19	-56.31	28.18	18.50	-9.53	
108	44.94	-46.25	-55.00	9.40	-15.18	-21.77	
107	18.25	-36.38	-58.13	-15.19	-41.69	-22.29	
110	23.00	-18.62	-74.00	-5.05	-24.42	-22.90	
111	46.69	-34.19	-56.13	28.75	6.03	-3.41	
109	47.50	-44.38	-64.31	22.76	-1.55	-6.88	
108	32.00	-34.88	-43.19	15.18	-25.21	-42.85	
107	358.31	-32.94	-69.31	-7.43	-38.05	-11.07	
108	29.44	-12.94	-76.87	1.67	-22.09	-4.66	
109	63.69	-33.13	-69.81	33.66	-0.01	-21.09	
110	92.50	-45.50	-52.56	25.77	-0.45	-15.07	
109	101.69	-45.69	-27.94	19.94	-2.01	-19.62	
110	107.00	-47.06	-4.88	18.10	-2.08	-18.12	
111	118.50	-51.50	25.19	17.50	-0.34	-14.99	
107	129.63	-48.06	46.75	15.97	1.10	-15.67	
110	131.63	-44.94	57.63	13.83	0.38	-14.80	
109	123.31	-52.19	61.88	12.36	-1.91	-11.63	
108	99.19	-72.44	66.69	9.36	-6.69	-11.55	
107	52.81	-74.69	-117.81	2.20	-12.86	-15.17	
110	6.44	-56.88	-103.19	-1.68	-14.67	-19.94	
109	359.19	-59.63	-81.19	5.10	-10.82	-20.23	
110	6.00	-58.38	-54.81	10.93	-7.19	-19.24	
109	10.38	-47.50	-40.94	-2.10	-20.97	-10.35	
109	16.12	-24.87	-80.31	-3.57	-25.14	-20.94	
108	38.94	-9.00	-70.69	8.43	-13.04	-35.40	
107	54.44	-1.63	-64.62	6.98	-11.06	-23.51	
110	72.62	-4.19	-61.25	8.48	-9.49	-8.85	
109	107.50	-42.63	-64.31	21.67	12.23	10.29	
108	87.31	-64.50	-61.94	18.57	20.01	-9.92	
107	58.19	-70.81	-80.75	-1.31	-15.75	-34.97	
110	15.19	-49.38	-67.56	-3.54	-30.50	-30.26	
111	358.81	-39.25	-49.19	1.54	-18.89	-28.43	
110	352.19	-29.25	-38.31	-4.99	-20.19	-20.60	
109	346.94	-10.00	-57.25	-23.01	-23.70	-30.29	
107	4.56	11.94	-80.37	-13.16	-16.01	-40.60	
108	30.37	13.44	-90.44	5.86	-8.87	-22.68	
107	54.19	2.75	-93.12	20.91	3.08	6.83	
110	32.63	-18.31	-91.06	16.85	22.34	-8.83	
109	18.69	-31.50	-48.50	-4.48	-5.62	-37.68	
108	349.38	-19.25	-33.94	-3.78	-30.88	-28.75	
107	331.19	-8.13	-39.06	-20.38	-30.99	-34.34	
110	348.88	19.94	-92.25	-16.04	-21.47	-42.74	
111	22.19	14.06	-103.94	5.67	-5.42	-26.87	
111	53.88	-8.31	-103.44	23.11	10.22	13.30	
108	15.63	-23.00	-73.44	6.13	-1.07	0.72	
107	352.19	-12.44	-56.38	-27.93	-38.81	-24.73	
110	336.31	12.56	-55.13	-31.77	-39.51	-13.14	
109	326.31	29.56	-76.25	-13.66	-10.69	-21.61	
108	8.56	6.88	-90.69	16.04	4.83	-13.19	
107	28.81	-16.87	-93.37	23.85	13.78	-6.84	
108	11.31	-20.12	-76.44	6.77	-4.36	-20.53	
107	342.25	-5.25	-66.25	-23.65	-40.82	-22.58	
110	335.50	11.44	-73.31	-28.30	-31.27	-25.13	
111	349.88	16.56	-86.31	-6.23	-17.73	-36.15	
109	24.12	-1.44	-87.37	23.48	4.51	-0.53	
108	1.69	-12.25	-85.19	17.31	-1.68	-0.63	
107	337.88	-9.19	-57.75	-14.34	-33.66	-27.66	
108	318.50	3.38	-48.00	-27.49	-35.90	-20.91	
109	319.50	22.94	-70.31	-18.92	-19.67	-30.73	
110	328.38	29.56	-100.37	0.21	-7.10	-31.12	
109	12.81	10.13	-104.87	8.45	-8.03	-14.37	
108	4.88	-5.69	-107.25	15.29	10.77	-18.43	
107	346.25	-13.25	-64.19	0.78	-8.31	-33.31	
110	319.69	-3.13	-48.25	-23.41	-40.68	-29.26	
111	305.75	20.81	-39.31	-30.14	-32.51	-32.85	
109	292.75	50.19	-62.50	-17.59	-17.56	-38.04	
108	293.81	60.13	-100.37	-2.17	-5.45	-31.06	
107	325.88	41.50	-120.62	15.30	6.13	9.27	
108	306.13	27.69	-83.25	17.01	1.80	0.78	
109	322.06	20.12	-43.13	-0.30	-18.52	-30.73	
110	300.81	25.19	-16.25	-20.15	-26.01	-11.72	
109	277.38	37.94	-13.63	-37.08	-22.52	-24.10	
110	258.31	71.81	-39.06	-13.89	-4.37	-40.14	
111	273.06	64.87	-120.00	3.91	1.54	-31.72	
109	308.19	37.25	-133.56	16.59	14.88	5.38	
110	292.00	27.12	-52.81	11.37	14.99	-2.86	
109	305.94	11.94	-16.75	-11.83	-17.55	-41.28	
110	282.38	22.19	13.81	-27.95	-34.35	-21.35	
109	255.56	44.63	0.19	-33.58	-20.06	-25.09	
110	238.06	71.50	-8.06	-0.17	9.83	-37.74	
109	277.44	53.88	-103.62	16.07	8.91	-30.44	
111	306.44	29.94	-105.81	21.27	12.92	-30.17	
110	296.63	14.69	-28.31	5.10	-5.94	-37.43	
107	269.63	24.25	3.13	-24.87	-34.68	-27.28	
110	256.75	24.12	9.44	-34.78	-27.83	-22.50	
109	230.56	62.56	0.37	-7.24	3.44	-26.05	
110	266.50	50.25	-75.81	25.51	18.73	-27.91	
111	313.44	24.62	-96.31	17.11	-1.45	-30.66	
111	342.94	12.19	-91.25	10.85	-5.21	-17.22	
108	359.06	1.00	-80.69	11.11	-3.07	-5.82	
107	351.13	-23.44	-85.12	5.17	14.85	-19.44	
110	341.81	-32.63	-51.25	-0.91	1.28	-39.86	
107	302.88	-10.13	-32.75	1.51	-22.73	-36.30	
108	281.56	4.44	-32.69	-18.99	-31.29	-39.31	
109	288.81	34.13	-83.31	-5.82	-17.98	-32.21	
108	339.13	0.12	-83.56	23.97	-2.95	-26.63	
107	2.00	-9.13	-72.37	16.59	-11.59	-26.09	
110	15.44	-15.00	-61.25	10.70	-9.01	-18.93	
109	21.44	-15.56	-45.19	12.25	-10.33	-13.79	
111	30.37	-57.81	-98.94	6.13	3.06	-22.96	
110	14.94	-58.38	-39.19	2.86	-1.14	-26.29	
107	338.50	-39.44	-44.63	7.33	-20.32	-22.35	
110	301.88	-20.75	-62.94	-15.62	-33.99	-36.88	
107	339.75	2.88	-90.31	0.80	-14.63	-32.75	
108	27.12	-29.75	-72.19	28.53	2.32	-29.35	
109	44.81	-34.13	-48.75	18.96	-9.46	-26.81	
108	53.38	-37.75	-32.63	16.11	-5.02	-18.11	
107	62.38	-46.25	-10.19	29.67	7.80	7.13	
110	82.12	-75.94	66.56	23.92	5.97	-3.65	
109	45.75	-84.19	4.69	7.15	-13.74	-40.08	
109	331.69	-54.44	-100.75	-9.73	-32.17	-23.19	
110	3.75	-46.81	-78.31	-17.22	-29.05	-23.52	
109	29.00	-37.50	-87.25	15.15	-3.70	-35.06	
110	50.25	-44.38	-59.81	26.46	-1.83	-30.13	
107	61.94	-44.69	-33.81	17.15	-7.73	-21.62	
108	70.75	-56.38	-17.94	30.16	5.99	2.80	
109	79.25	-83.06	103.87	26.37	6.72	-10.34	
110	48.25	-88.44	-178.75	5.71	-12.81	-32.43	
111	342.94	-50.31	-94.94	-13.78	-33.30	-5.75	
109	17.44	-33.31	-96.62	-13.53	-22.02	-11.93	
108	38.94	-42.88	-86.50	19.43	-1.08	-30.53	
109	80.44	-63.06	-35.88	32.98	0.04	-24.53	
108	100.37	-49.94	2.44	25.57	2.51	-25.14	
107	108.25	-37.38	17.12	18.34	3.14	-21.85	
110	119.31	-24.69	29.31	14.02	4.21	-21.91	
109	126.81	-8.63	42.56	11.13	5.61	-27.27	
108	165.69	6.13	47.44	21.92	27.06	-22.95	
111	197.06	22.94	81.25	18.84	11.12	-10.87	
111	188.13	12.44	87.44	4.25	-14.11	-13.89	
110	160.69	-13.31	105.37	2.67	-5.01	-23.12	
107	116.12	-34.19	140.25	2.24	-5.41	-19.16	
108	43.13	-37.56	178.19	4.20	-3.33	-13.39	
109	41.50	-35.75	-158.94	-13.71	-21.94	-17.02	
110	118.06	-67.75	-10.94	-10.69	-29.91	-31.87	
109	107.81	-32.31	-13.75	25.95	-8.54	-44.97	
108	146.81	-6.75	6.50	34.84	7.42	-40.06	
109	162.19	19.37	10.88	21.05	11.83	-34.90	
108	161.69	36.19	32.31	8.81	6.38	-37.87	
109	171.25	46.25	57.06	4.05	3.28	-34.29	
109	193.25	63.63	78.87	0.22	2.65	-27.43	
110	231.44	80.12	-51.06	12.58	19.69	-21.75	
109	285.56	46.13	14.56	13.19	3.73	-32.02	
110	274.81	34.88	46.38	-6.95	-20.35	-31.23	
109	232.25	-6.63	82.06	-6.99	-2.81	-16.59	
110	205.25	-9.75	74.31	-19.51	-2.76	-30.45	
111	182.19	0.63	35.00	-7.23	-5.63	-44.52	
107	212.88	39.81	34.81	27.68	0.32	-45.04	
108	230.81	81.25	-15.88	21.46	4.09	-41.08	
109	241.50	72.00	-89.19	20.45	21.57	-30.24	
110	268.31	8.44	28.94	16.47	10.24	-35.72	
109	269.88	14.25	61.63	-0.64	-17.13	-33.77	
108	218.25	-20.31	44.31	-20.07	-25.66	-32.54	
107	200.38	10.81	14.38	-0.61	-9.29	-37.47	
108	238.56	36.38	-3.88	33.87	22.54	-29.40	
111	260.88	50.63	-20.94	25.90	20.45	-28.35	
111	283.94	43.81	-30.81	14.25	8.23	-24.85	
108	307.69	31.94	-36.31	8.52	5.96	-20.51	
107	332.69	19.56	-36.31	6.44	4.01	-20.35	
108	356.63	10.88	-32.56	4.27	-0.25	-17.03	
109	16.37	1.75	-31.37	2.73	-2.71	-9.56	
110	29.12	-18.19	-37.69	-11.19	15.57	8.57	
109	23.81	-37.69	-21.62	-14.90	11.11	-10.99	
108	358.00	-24.87	-18.12	3.66	-9.32	-42.14	
107	337.19	-15.50	2.19	8.04	-7.93	-32.14	
108	319.88	-23.06	19.62	-11.23	-22.28	-13.09	
111	319.63	10.69	-50.75	-23.41	-2.20	-22.74	
108	334.25	26.62	-66.69	-4.17	9.07	-40.66	
111	23.87	1.25	-62.06	13.39	-8.44	-29.45	
107	56.63	-8.00	-51.44	10.88	-5.01	-19.59	
108	72.62	-9.81	-36.75	23.96	13.39	4.60	
109	66.50	-50.00	-5.06	9.81	14.07	-9.99	
110	57.44	-50.13	19.06	-4.22	-10.53	-45.33	
109	13.69	-55.81	20.31	-9.14	-26.54	-17.24	
108	12.81	-10.56	-58.50	-13.37	-4.54	-16.78	
107	25.00	-6.75	-54.94	16.67	10.23	-34.75	
108	69.12	-27.50	-40.69	28.61	1.19	-25.62	
111	98.31	-24.37	-16.87	24.23	7.92	-26.90	
109	116.62	-19.25	4.06	19.87	6.55	-23.76	
110	145.75	-8.44	20.50	18.94	8.84	-19.53	
107	177.69	11.13	25.12	19.75	15.19	-21.83	
108	213.63	40.94	4.94	24.44	28.56	-28.54	
109	257.81	55.63	-40.50	25.48	32.59	-36.54	
110	306.44	36.94	-66.44	18.65	20.25	-35.88	
109	351.06	14.13	-63.31	13.35	8.37	-26.60	
108	28.44	-6.19	-54.63	13.28	3.83	-20.48	
109	62.63	-20.94	-40.00	13.52	2.79	-22.01	
111	94.62	-24.69	-14.63	14.37	3.79	-21.15	
110	126.69	-21.44	7.69	14.09	5.09	-17.14	
109	156.25	-3.94	15.69	13.39	8.11	-17.55	
108	185.81	15.44	11.69	14.85	14.51	-21.13	
107	213.38	37.31	-2.88	18.62	23.40	-29.64	
110	253.19	53.25	-44.19	17.29	21.68	-37.78	
107	291.06	45.38	-71.87	9.65	9.37	-35.08	
110	329.81	30.31	-73.37	5.88	2.61	-24.61	
111	0.37	15.69	-66.62	5.19	-0.06	-16.77	
109	22.94	0.56	-54.19	7.41	3.07	-12.79	
110	35.25	-24.00	-35.19	6.27	5.23	-28.00	
109	44.19	-39.56	-11.69	0.28	-4.68	-30.07	
110	36.06	-40.13	-4.69	0.74	-10.90	-16.68	
109	16.00	-41.38	-9.81	4.96	-6.19	-18.47	
108	353.19	-40.63	-14.63	1.63	-5.48	-15.78	
107	9.81	-30.56	-35.31	-14.38	-8.32	-29.31	
110	48.00	-7.75	-65.62	-8.54	-6.53	-38.18	
111	75.56	-2.63	-69.31	6.78	-5.35	-17.20	
109	85.69	-4.44	-64.25	6.34	-3.40	-2.00	
108	69.62	-14.63	-47.31	16.62	16.03	-21.54	
107	39.88	-59.13	-40.63	10.03	7.21	-43.03	
108	36.31	-65.69	9.63	-0.04	-14.06	-36.37	
109	11.50	-58.25	1.19	6.34	-8.22	-29.09	
110	340.81	-51.00	-7.63	5.10	-5.91	-22.94	
109	325.31	-46.25	-3.38	-14.71	-15.05	-16.38	
110	356.94	-17.75	-41.25	-12.67	-15.42	-30.33	
111	31.75	-15.81	-96.19	4.60	-3.85	-33.07	
109	48.63	-11.88	-105.44	3.16	-2.88	-11.05	
110	26.56	13.44	-91.25	16.39	10.21	2.57	
109	328.50	1.56	-54.25	4.67	23.49	-19.16	
108	329.00	-30.62	-24.94	-5.87	6.06	-38.67	
109	351.75	-22.69	4.06	6.43	-6.24	-26.18	
110	4.00	-6.63	9.13	3.18	-20.17	-3.13	
111	351.63	-20.56	-70.81	0.68	-15.91	-14.19	
111	355.25	15.00	-60.69	1.31	-3.56	-32.43	
108	3.69	18.87	-48.13	1.70	-10.41	-16.83	
107	12.13	0.06	-42.94	2.02	-7.25	-9.67	
110	18.62	-25.75	-44.31	2.83	-6.11	-11.22	
109	22.81	-43.94	-36.63	3.79	-5.41	-16.40	
110	25.00	-53.63	-19.56	5.96	-4.53	-18.84	
107	22.87	-58.25	-8.38	7.32	-2.88	-16.32	
108	17.69	-64.19	-10.31	7.75	-2.26	-12.40	
107	12.44	-8.44	166.50	4.35	-0.41	-4.92	
110	20.44	-0.81	162.19	0.11	1.98	1.27	
109	24.94	4.31	152.63	-1.38	3.19	0.56	
109	24.56	9.94	138.69	-1.61	5.05	-1.01	
108	232.63	13.88	126.62	-1.41	6.72	-3.48	
107	215.69	11.50	118.44	-1.23	7.79	-5.27	
110	202.00	6.06	114.75	-0.98	8.16	-5.14	
109	189.38	-0.31	121.31	-3.90	6.98	-7.95	
110	2.25	-5.19	136.19	-6.14	1.83	-14.13	
107	2.00	-25.19	148.63	0.61	-0.33	-14.04	
108	9.94	-41.25	169.06	6.00	-0.82	-5.50	
107	26.00	-37.56	-174.44	-13.99	-16.44	9.13	
110	92.19	-51.56	132.31	-9.53	-10.83	-8.26	
111	115.50	-47.31	65.25	11.60	7.27	-24.57	
109	122.37	-36.31	40.06	7.97	6.20	-10.87	
108	114.44	-34.25	35.44	12.28	18.94	-3.52	
107	75.87	-64.62	154.81	1.77	22.44	-17.44	
110	50.69	-14.06	-163.06	-9.65	2.91	-32.15	
109	31.31	-17.87	-143.81	-4.21	-9.78	-18.44	
110	308.88	-36.13	-145.69	-18.33	-28.02	-7.75	
111	64.37	-58.38	-172.88	-9.90	-18.93	-20.81	
108	56.50	-66.19	-102.06	15.53	0.77	-29.54	
111	57.13	-58.25	-55.69	17.54	-3.08	-18.38	
109	109.06	-76.87	104.87	26.46	19.73	-24.63	
110	68.25	-52.75	164.00	22.77	15.85	-33.18	
107	24.62	-42.88	-170.75	4.50	-14.36	-27.91	
108	40.19	-14.31	-151.38	-19.04	-31.41	-10.08	
107	79.62	-70.00	-167.81	0.14	-8.17	5.86	
110	92.94	-70.19	98.69	34.41	14.08	-14.09	
111	104.62	-37.38	81.75	29.22	8.86	-26.21	
111	120.50	-10.50	84.94	21.37	17.50	-17.36	
108	135.13	14.69	99.81	13.07	15.68	-14.63	
109	152.81	32.69	119.62	13.03	14.83	-18.00	
110	194.00	47.06	168.94	18.86	21.16	-23.09	
109	179.06	18.87	-156.81	28.01	29.15	-23.77	
110	153.56	-14.75	-141.31	36.27	27.67	-27.80	
111	66.06	-59.38	-131.06	36.21	17.26	-31.63	
108	92.87	-74.81	54.19	33.31	16.77	-27.74	
111	100.31	-42.44	65.37	26.31	19.22	-25.72	
107	106.62	-18.81	79.94	18.07	16.75	-22.04	
110	126.25	9.19	95.75	15.50	18.51	-18.47	
107	159.00	42.13	115.81	14.26	19.90	-16.83	
108	190.19	52.81	171.19	16.14	19.82	-14.69	
109	168.44	22.12	-154.38	23.67	22.28	-21.09	
110	143.81	-20.19	-141.00	32.20	24.37	-29.24	
111	57.31	-56.56	-124.75	31.25	16.78	-29.91	
108	71.12	-86.50	-1.44	25.24	10.99	-25.42	
109	81.19	-60.38	79.12	22.08	14.36	-20.21	
109	98.25	-29.87	92.87	14.72	12.34	-21.46	
108	123.31	0.69	98.37	7.95	11.55	-12.59	
107	143.06	27.44	99.12	5.25	13.58	-4.43	
110	153.00	50.13	114.81	8.34	17.30	-11.05	
107	174.81	55.81	170.00	12.20	19.93	-12.60	
108	164.25	32.63	-153.50	17.35	20.03	-16.23	
109	322.25	0.00	-132.50	28.84	23.32	-26.35	
110	26.87	-46.25	-116.56	35.23	24.16	-34.36	
111	49.31	-82.69	-40.00	37.16	25.75	-31.43	
108	75.44	-49.63	72.50	33.47	26.19	-22.24	
109	102.31	-9.38	81.31	24.90	23.22	-17.05	
109	125.44	30.12	88.31	20.54	21.57	-19.66	
110	139.44	58.63	133.88	17.50	20.08	-24.68	
109	159.13	39.56	-172.94	15.24	17.04	-28.33	
110	150.75	8.38	-151.56	19.69	12.92	-30.48	
107	19.19	-25.37	-131.94	28.36	13.60	-31.10	
110	40.44	-52.88	-99.00	24.59	7.28	-32.24	
109	51.81	-57.50	-38.88	22.00	6.45	-23.54	
108	59.13	-62.06	2.88	19.31	8.50	-28.74	
111	58.25	-59.31	71.62	9.79	0.75	-34.89	
107	69.12	-39.94	99.69	6.76	-0.17	-9.75	
108	88.37	-27.12	103.06	2.05	-0.78	4.97	
109	95.69	-29.06	108.81	-3.91	-2.14	-1.28	
110	85.06	-38.06	133.88	-7.41	-2.76	-5.78	
109	12.81	-36.44	162.19	-2.89	-1.61	-6.01	
108	16.50	-34.81	174.63	1.71	-1.22	-4.03	
107	14.25	-38.94	174.81	-0.39	-2.58	-0.09	
108	55.25	-45.31	155.69	-3.79	-3.03	0.64	
111	106.69	-42.81	98.12	-2.63	3.20	-6.41	
109	125.37	-26.12	62.38	1.90	8.64	-11.55	
110	125.19	-8.50	55.81	2.03	9.62	-9.20	
107	116.37	-7.44	69.50	-1.31	14.74	-3.19	
108	129.13	-15.19	94.62	-9.12	10.49	-10.28	
109	129.00	-18.69	118.06	-10.55	1.25	-16.90	
110	108.31	-30.50	132.00	-8.33	-2.31	-6.73	
109	85.75	-44.69	135.38	-7.46	-3.33	-3.11	
108	77.06	-55.19	122.81	-1.51	-1.20	-4.64	
109	79.00	-59.00	102.94	4.04	1.24	-3.66	
110	85.69	-58.50	92.37	4.64	2.71	-0.93	
111	95.12	-54.81	91.06	5.13	3.54	-2.32	
109	105.94	-48.56	97.00	1.02	3.22	-3.18	
108	126.12	-34.38	104.56	-3.83	2.26	-2.46	
107	145.44	-23.75	104.69	-0.91	3.39	-4.83	
108	159.00	-20.31	102.69	0.47	4.86	-5.32	
109	164.19	-23.56	103.12	0.94	5.38	-5.37	
110	157.88	-29.62	109.75	0.58	4.12	-6.88	
111	144.06	-34.63	118.00	0.72	2.31	-7.80	
108	128.88	-37.88	125.75	1.44	1.95	-6.99	
111	111.31	-42.94	129.56	2.90	1.91	-6.65	
109	96.12	-49.06	133.13	4.05	1.12	-5.29	
110	85.00	-54.44	139.75	3.96	0.22	-3.05	
109	78.69	-57.50	147.94	3.80	-0.22	-1.91	
108	79.94	-56.56	152.94	3.48	-0.21	-1.38	
107	96.44	-51.19	148.19	3.54	0.40	-1.83	
110	134.00	-39.94	136.06	2.26	1.07	-4.05	
111	49.75	-27.56	143.31	1.77	2.12	-7.39	
109	45.69	-23.75	145.19	2.19	2.86	-6.11	
108	45.63	-25.25	144.69	2.43	3.16	-2.95	
107	45.69	-26.00	143.38	3.24	3.61	-2.58	
108	45.63	-15.88	159.31	2.38	2.68	-1.37	
107	45.25	-12.25	163.94	-0.99	-0.25	-1.09	
110	52.94	-17.37	162.00	0.16	0.30	2.01	
109	57.88	-20.19	161.06	2.71	0.96	-0.19	
108	51.94	-22.06	156.06	1.31	0.03	-3.27	
107	48.63	-26.37	150.00	-4.30	-3.22	-1.24	
108	139.31	-39.69	134.69	-1.56	-1.25	-2.77	
107	142.00	-48.94	122.62	4.70	4.07	-1.94	
110	139.13	-53.06	114.56	5.50	3.76	-1.55	
111	131.50	-54.13	112.87	6.87	3.81	-2.66	
107	126.00	-51.69	118.25	1.96	-4.33	1.97	
108	128.06	-43.25	135.25	-0.70	-6.13	4.49	
109	127.00	-41.19	146.69	2.67	1.14	1.59	
110	71.50	-37.06	157.25	4.52	1.99	0.48	
109	74.50	-30.31	160.63	1.83	0.25	0.04	
108	67.00	-25.00	160.44	0.57	-0.59	-0.46	
107	60.38	-21.50	162.81	3.12	0.32	-0.99	
108	65.00	-18.31	169.19	2.00	-0.12	-1.41	
107	73.87	-22.19	169.13	-0.53	0.27	-1.93	
110	74.87	-25.31	166.31	-0.40	1.37	-1.95	
111	70.56	-27.37	161.06	1.10	1.50	-1.54	
109	68.81	-28.75	157.69	2.32	0.94	-1.35	
108	68.75	-31.87	156.50	1.81	-0.16	-0.97	
109	71.37	-33.50	156.31	1.13	-0.21	-1.16	
110	71.62	-34.81	154.75	0.80	0.18	-1.06	
109	131.06	-41.31	146.81	2.19	0.65	0.88	
108	138.56	-47.50	128.50	0.73	0.18	-0.99	
107	145.19	-50.69	102.69	-1.90	-0.14	-2.10	
108	156.19	-48.13	75.75	-2.95	-1.60	-0.51	
107	163.50	-48.00	55.81	-2.10	-2.04	-1.44	
110	169.94	-46.69	37.19	0.43	-1.15	-2.45	
111	178.31	-38.63	26.62	0.77	-1.24	-2.73	
107	184.88	-29.12	17.94	-0.56	-1.69	-1.75	
108	187.31	-22.81	4.00	-1.40	-1.73	-1.15	
109	188.56	-15.38	-6.94	-0.40	-0.68	-1.50	
110	188.88	-9.25	-15.19	1.44	-0.76	-1.49	
109	188.31	-7.44	-23.31	2.53	-0.60	-0.01	
108	184.56	-6.44	-28.44	2.21	-1.41	2.14	
107	180.69	-6.31	-31.50	-0.54	-4.44	3.22	
108	178.06	-6.25	-36.25	-3.71	-6.59	1.62	
111	182.44	-1.44	-40.56	-4.66	-3.93	-2.86	
111	191.88	7.44	-49.13	2.53	3.25	-2.63	
108	182.50	17.69	-41.69	3.69	4.59	1.74	
107	157.19	28.00	-22.56	-0.53	-0.14	5.06	
108	128.63	20.50	-10.94	1.24	0.95	2.48	
109	106.62	7.56	-4.00	0.22	3.26	-2.08	
110	89.06	-2.38	-2.00	-1.43	2.09	-0.45	
109	78.75	-14.81	-3.94	-1.70	-0.34	0.92	
108	75.44	-27.94	-10.13	-0.30	-0.66	0.03	
107	76.12	-41.13	-16.69	0.56	1.08	1.09	
108	78.81	-60.00	-33.63	-0.97	-1.47	1.60	
111	76.19	-72.12	-69.75	-0.47	-0.73	-0.14	
108	59.88	-69.00	-124.94	1.95	2.06	-1.45	
111	39.31	-55.75	-135.44	2.33	1.38	-2.25	
107	17.00	-49.19	-135.13	2.63	1.33	-2.33	
108	359.25	-43.44	-137.19	2.73	1.03	0.98	
109	343.50	-37.25	-142.44	2.71	1.17	1.53	
110	56.31	-26.31	-145.06	2.30	1.28	-1.10	
109	45.44	-21.62	-142.69	0.14	1.22	-1.01	
108	36.19	-24.75	-141.38	0.18	1.46	1.45	
107	29.25	-31.12	-151.63	-1.53	-0.67	1.32	
108	25.69	-36.88	-157.56	-2.73	-1.26	0.05	
111	331.06	-43.25	-152.19	0.60	0.53	1.30	
109	340.25	-51.38	-150.75	-0.78	0.61	1.37	
110	340.88	-54.13	-139.19	-1.22	-1.37	1.72	
107	342.69	-47.94	-127.56	1.08	-1.19	2.62	
108	345.00	-35.69	-127.75	1.53	-0.16	0.41	
109	21.12	-39.94	-139.81	2.69	0.41	-2.50	
110	48.81	-43.00	-148.88	2.71	-0.13	-2.16	
109	77.06	-45.25	-159.75	1.27	-1.51	-1.19	
108	99.87	-46.00	-168.81	0.90	-0.91	-0.34	
109	113.19	-48.44	-173.50	1.53	-0.52	-0.18	
108	120.87	-48.38	-176.88	1.78	-0.44	-0.53	
109	125.75	-46.63	-178.88	1.26	-0.39	-0.47	
107	130.69	-45.94	178.81	0.68	-0.27	0.20	
110	131.50	-45.25	178.44	0.37	-0.50	0.46	
107	130.44	-46.63	178.75	0.20	-0.37	0.05	
108	127.44	-47.63	179.56	0.16	-0.15	-0.33	
109	125.75	-47.25	-179.75	0.32	-0.31	-0.30	
110	125.19	-47.31	-179.06	0.16	-0.38	0.15	
109	122.19	-47.50	-177.44	0.09	-0.19	0.54	
108	119.00	-48.56	-175.69	0.20	-0.05	0.43	
109	116.94	-49.31	-174.50	0.03	-0.16	0.42	
