Orientation Sensor Raw Data Test

Current Temperature: 29 C

Calibration status values: 0=uncalibrated, 3=fully calibrated
time	eul_z	eul_y	eul_x	linA_x	linA_y	linA_z	cal_sys	cal_gyr	cal_acc	cal_mag
1161	0.00	0.00	0.00	0.00	0.00	0.00	
135	0.00	0.00	0.00	0.00	0.00	0.00	
107	0.00	0.00	0.00	0.00	0.00	0.00	
108	0.00	0.00	0.00	0.00	0.00	0.00	
107	0.00	0.00	0.00	0.00	0.00	0.00	
108	18.00	23.31	42.63	-3.82	-14.99	3.36	
107	347.81	-2.00	-1.63	-17.34	-19.97	-21.10	
110	343.31	58.75	-10.94	-10.41	-7.79	-41.84	
109	8.06	69.00	-58.38	3.72	-5.20	-19.76	
110	26.12	34.88	-79.06	16.74	13.20	-16.89	
111	37.38	0.12	5.44	13.31	-1.36	-31.00	
108	359.31	-5.69	19.62	-2.01	-24.02	-34.24	
111	342.06	-6.06	47.19	1.09	-7.04	-24.18	
107	332.63	-20.87	18.31	-17.57	-9.13	-28.99	
110	319.44	51.31	-26.06	-14.76	-15.54	-44.92	
109	332.00	77.19	-72.56	2.20	-9.13	-29.30	
108	355.19	54.25	-125.69	14.72	14.54	0.59	
109	352.75	3.13	-31.19	27.71	21.59	-16.27	
110	2.88	-15.06	18.75	14.81	-5.18	-46.07	
111	4.69	2.31	41.56	3.10	-16.69	-29.56	
109	325.25	-29.69	26.25	-16.80	-20.17	-25.67	
108	308.31	42.00	-19.12	-11.54	-19.94	-41.44	
109	304.56	78.37	-1.50	7.58	-9.00	-40.99	
110	329.75	62.88	-132.56	17.18	15.93	-9.82	
109	349.50	-12.13	-23.62	25.09	14.32	-15.88	
108	358.94	-10.13	20.25	14.84	-11.63	-46.16	
107	337.56	-21.06	34.63	-12.85	-25.00	-14.04	
110	308.88	40.63	-35.06	-13.80	-33.17	-14.53	
109	316.75	76.44	-64.75	5.10	-20.67	-38.50	
111	350.13	54.19	-125.25	16.68	12.75	-15.70	
110	353.75	-4.75	-34.50	9.47	30.72	-23.48	
107	358.31	-16.06	7.56	2.62	4.32	-47.88	
110	337.69	-2.69	31.50	10.02	-11.79	-35.82	
109	303.75	-27.81	18.62	-16.14	-5.52	-33.31	
110	284.50	52.38	-17.56	-13.06	-10.38	-44.02	
111	302.31	81.94	-50.13	7.21	-10.09	-37.19	
108	0.50	24.06	-102.19	20.92	12.45	-24.13	
111	348.69	-25.00	1.50	27.35	1.62	-33.27	
107	343.31	-3.56	30.12	12.60	-21.07	-43.16	
110	293.63	-29.12	1.00	-14.89	-13.89	-43.34	
109	286.25	58.38	-27.75	-10.92	-14.40	-46.11	
108	318.19	68.31	-90.62	7.82	-12.63	-37.03	
107	22.62	19.44	-110.62	18.55	10.83	-16.36	
110	335.63	-34.13	-16.12	16.44	1.85	-24.73	
111	337.44	-11.44	23.00	1.96	-30.25	-32.43	
110	300.06	5.81	-17.81	-16.51	-32.11	-33.18	
109	300.13	60.75	-39.63	-14.04	-23.77	-45.71	
107	335.19	59.06	-93.81	6.70	-12.10	-35.15	
108	26.31	25.81	-115.62	18.21	12.00	-22.82	
107	343.63	-9.19	-42.13	23.91	32.14	-32.39	
110	333.25	-31.94	3.19	-10.52	-1.90	-34.18	
109	316.63	8.25	-35.06	-16.47	-26.04	-34.49	
108	321.13	48.00	-34.75	5.69	-13.46	-45.89	
107	342.75	59.06	-67.19	4.97	-9.52	-30.90	
110	6.88	49.94	-103.44	-2.71	-7.30	-10.66	
111	29.12	35.63	-116.69	3.09	-6.09	0.37	
111	59.50	0.31	-89.06	25.13	12.23	-0.93	
108	342.31	-40.75	-44.69	23.34	13.50	-25.61	
107	338.38	-52.81	-3.88	8.91	-9.10	-43.36	
110	338.63	-38.06	32.50	8.64	-11.32	-33.93	
109	306.81	-44.25	2.88	-12.70	-22.86	-33.31	
110	312.81	34.00	-68.12	-4.01	-30.31	-41.60	
107	336.13	46.38	-81.62	13.85	-16.96	-36.30	
108	10.94	37.44	-100.19	1.31	-10.89	-19.34	
111	42.31	24.12	-111.37	-0.17	-9.02	-2.43	
108	63.81	11.44	-108.25	15.31	4.17	2.78	
111	34.88	0.12	-69.75	28.21	23.11	-20.21	
107	329.13	-39.75	-52.63	13.67	5.86	-43.16	
108	329.56	-56.44	-10.56	5.59	-14.88	-38.02	
107	334.25	-49.25	21.00	-10.85	-24.47	-18.80	
110	329.19	8.25	-61.31	-11.44	-33.37	-24.61	
109	340.69	38.94	-66.75	8.36	-22.29	-41.57	
110	8.63	37.88	-84.75	4.07	-12.47	-27.60	
107	38.31	27.69	-100.75	0.11	-9.85	-9.08	
108	63.88	15.19	-106.69	0.60	-9.05	1.50	
109	78.75	-1.63	-93.44	20.57	10.44	1.30	
111	10.88	-19.00	-56.06	19.85	30.45	-23.45	
110	330.38	-54.25	-42.19	3.82	6.01	-43.85	
107	338.50	-49.69	10.25	9.75	-13.08	-36.41	
108	329.19	-42.63	6.13	-10.47	-22.58	-9.44	
107	324.63	17.37	-66.87	-13.37	-32.81	-16.20	
110	347.69	36.25	-71.62	9.76	-20.23	-41.75	
109	19.69	33.19	-86.56	7.28	-11.68	-27.85	
110	47.69	25.75	-100.31	1.85	-9.09	-8.25	
109	71.81	14.75	-101.69	1.39	-8.58	1.51	
108	120.44	4.88	-96.50	13.71	-0.50	3.34	
109	109.19	-17.06	-72.25	34.54	19.17	-18.94	
109	20.75	-51.56	-70.87	26.51	7.83	-40.67	
108	20.25	-62.06	-25.25	12.51	-15.35	-40.99	
109	21.94	-45.13	15.88	11.97	-12.83	-35.59	
110	13.88	-31.62	18.25	8.42	-12.81	-22.12	
109	331.56	-29.50	-32.56	-14.49	-16.11	-30.12	
110	351.00	25.19	-73.50	-12.45	-16.33	-43.96	
111	11.44	35.38	-88.69	8.17	-13.99	-33.49	
111	46.13	26.37	-104.00	3.48	-10.82	-17.82	
108	77.69	15.19	-111.19	-0.49	-11.77	-4.28	
109	108.56	-16.87	-100.06	20.07	8.30	-0.60	
110	8.94	-19.06	-66.12	19.76	13.58	-22.86	
109	352.69	-46.75	-49.13	4.36	-11.06	-41.27	
110	11.63	-46.94	5.50	12.09	-12.63	-31.09	
107	16.00	-32.00	15.19	10.28	-4.80	-22.23	
108	4.25	-21.62	7.94	5.27	-5.42	-20.09	
111	339.25	-18.25	-4.50	-15.50	-22.68	-14.02	
109	324.63	13.38	-47.69	-13.59	-26.60	-27.70	
110	329.63	38.63	-69.75	3.97	-11.41	-39.97	
107	341.25	47.44	-96.56	0.01	-7.28	-24.43	
108	1.19	40.88	-113.69	2.49	-6.87	-7.59	
107	0.50	9.69	-96.06	11.43	11.24	-20.17	
110	356.50	-9.56	-33.94	11.56	-0.29	-43.44	
107	0.88	-3.81	-6.88	4.46	-21.09	-41.03	
110	358.56	0.06	11.06	1.33	-8.26	-28.30	
107	346.63	-2.31	20.44	-7.37	-16.24	-14.46	
108	302.56	-11.56	-7.19	-26.23	-17.80	-27.98	
111	309.13	37.63	-62.06	-16.61	-8.15	-45.80	
109	306.00	53.00	-106.69	3.24	-7.47	-35.66	
110	318.94	46.44	-137.94	-0.24	-5.98	-18.49	
107	347.50	23.37	-118.62	16.19	12.71	-12.14	
110	330.31	-2.31	-39.31	20.38	0.15	-31.28	
109	347.75	-0.56	-8.25	5.43	-23.59	-45.33	
108	354.75	9.19	15.00	3.05	-10.09	-33.89	
107	354.25	13.50	28.06	0.40	-7.18	-18.37	
110	311.31	-7.94	31.37	-18.87	-19.89	-12.06	
111	284.31	25.75	-17.25	-17.73	-20.24	-29.13	
109	273.19	65.06	-51.69	4.15	-6.81	-44.13	
110	274.00	68.69	-139.19	4.64	-1.96	-30.37	
109	304.38	41.44	-132.31	18.20	15.83	-17.12	
110	309.88	0.88	-14.19	21.85	2.35	-31.75	
107	329.31	18.62	16.62	7.08	-20.04	-44.42	
108	334.56	31.06	38.81	0.40	-5.81	-27.67	
109	330.69	33.38	52.50	-3.86	0.41	-10.43	
110	317.56	27.44	62.06	-7.58	-11.21	-1.54	
111	266.25	-12.50	27.62	-23.61	-9.50	-22.58	
109	244.38	49.75	-2.38	-14.25	-1.72	-46.62	
108	234.94	79.75	35.38	7.02	-5.09	-43.09	
109	241.00	66.69	174.63	17.56	6.38	-28.58	
110	293.13	51.75	-93.12	29.21	24.31	-27.70	
109	294.63	-4.50	10.81	18.21	5.38	-43.84	
108	316.31	17.87	39.63	5.57	-11.93	-34.22	
107	320.56	31.62	49.38	0.70	0.61	-16.88	
110	311.25	38.06	58.31	-3.25	3.50	-11.23	
111	291.88	35.94	62.75	-2.16	-6.77	-1.28	
109	251.00	-4.75	12.88	-18.83	4.97	-19.00	
110	218.69	34.81	25.44	-16.85	11.55	-44.94	
109	219.19	47.00	52.81	4.71	-2.00	-36.50	
108	233.94	73.19	74.75	3.83	1.39	-21.91	
109	273.81	49.50	-82.31	13.29	17.48	-24.96	
110	287.56	6.44	5.25	9.09	6.32	-40.92	
111	298.06	15.63	36.69	-3.15	-12.51	-40.66	
111	303.88	21.25	63.44	-10.03	-17.78	-15.47	
110	251.06	-5.19	16.00	-28.90	-19.42	-23.53	
107	226.19	43.38	18.87	-8.91	-6.81	-47.14	
110	236.06	75.19	29.12	19.45	0.23	-37.14	
109	278.38	49.25	-58.50	25.27	19.90	-35.55	
108	294.50	3.25	31.31	24.72	3.91	-45.05	
107	294.44	16.94	62.75	11.09	-12.90	-36.52	
110	284.69	13.94	82.50	2.75	2.47	-16.67	
111	272.81	7.50	93.00	0.83	4.37	-4.60	
109	254.00	-3.25	99.37	0.66	3.64	-0.33	
108	222.63	-25.25	98.06	-17.13	-13.52	4.80	
107	201.25	-27.62	29.75	-14.17	-20.57	-18.92	
110	185.19	11.38	4.63	10.53	-8.07	-47.78	
107	180.44	39.56	8.69	11.13	-5.31	-47.58	
110	181.69	67.25	30.94	4.56	-3.40	-39.84	
109	185.25	76.94	123.94	-0.90	-0.98	-25.52	
108	197.81	66.44	168.81	-4.32	-0.66	-12.20	
107	217.44	59.19	-171.31	-5.45	-1.25	-3.06	
110	239.06	60.31	-146.63	-6.31	-2.58	-0.32	
111	259.50	59.19	-99.69	5.43	13.18	-11.12	
109	258.63	40.44	-26.25	5.27	11.59	-33.48	
108	260.44	0.00	4.00	-4.65	-5.37	-45.82	
107	276.06	-12.00	31.19	0.06	-2.67	-34.91	
108	287.44	0.94	45.06	1.31	0.46	-20.06	
109	282.31	8.44	43.19	-13.03	-15.28	7.70	
110	249.81	10.56	-4.19	-6.08	-22.44	-8.62	
109	237.00	33.06	19.19	11.04	-7.30	-39.34	
108	247.50	54.44	20.87	2.89	-1.41	-28.57	
109	257.25	77.06	-4.25	13.67	7.13	-15.29	
111	286.94	38.25	-49.69	21.39	23.92	-23.81	
110	277.13	-15.81	12.06	6.10	12.33	-46.18	
109	287.38	-16.06	49.63	0.66	-5.86	-36.13	
108	294.38	-0.88	69.69	2.69	-13.37	-7.75	
107	254.31	-22.81	14.88	-15.50	-17.42	-19.68	
110	237.56	18.81	6.25	0.70	1.62	-41.94	
109	279.06	32.75	-22.31	34.39	25.22	-39.01	
110	304.56	40.63	-24.44	18.37	14.57	-42.91	
109	319.19	48.31	-9.25	0.29	-5.01	-33.34	
108	328.25	57.56	3.44	14.33	-8.69	4.60	
109	325.31	-5.25	-32.19	8.41	2.89	-7.66	
107	330.63	5.31	6.75	-5.12	7.57	-47.94	
110	319.13	8.75	24.75	1.98	-2.70	-33.45	
109	302.25	3.81	38.94	0.22	1.22	-16.04	
108	277.31	-24.94	8.81	-16.47	3.01	-27.08	
107	262.25	26.62	-6.44	-3.48	8.64	-38.24	
110	285.38	47.00	-33.00	15.94	3.96	-37.08	
109	305.75	53.50	-74.81	6.11	-1.49	-26.58	
110	318.56	40.31	-73.56	19.73	17.65	-28.12	
109	299.88	-13.63	-7.38	15.18	9.22	-45.00	
109	306.25	-23.87	28.56	1.26	-9.25	-37.52	
108	312.19	-14.88	53.25	-15.55	-18.26	-14.13	
109	282.56	4.69	-16.37	-21.04	-22.79	-25.24	
110	278.88	39.38	-24.06	13.47	5.38	-33.88	
107	319.13	31.31	-53.25	23.88	14.67	-29.17	
110	348.06	30.81	-57.50	7.51	-1.62	-32.79	
109	4.94	35.44	-56.44	-1.08	-7.43	-20.66	
110	19.62	38.94	-55.00	15.53	10.08	2.02	
111	28.31	-12.56	-48.44	18.32	11.77	-13.30	
109	36.44	-23.06	-13.69	3.67	-6.82	-44.45	
108	39.06	-19.94	16.00	4.29	-6.89	-39.64	
107	37.75	-14.19	44.31	-6.52	-18.12	-19.81	
110	353.38	-15.50	-43.13	-20.50	-25.00	-24.88	
109	356.13	25.62	-32.94	3.39	-8.04	-28.90	
110	29.25	29.94	-50.75	17.07	-3.53	-18.77	
107	51.81	32.44	-65.62	1.93	-7.85	-17.94	
108	80.31	10.63	-77.87	18.74	11.28	-0.85	
109	47.50	-35.00	-38.25	21.03	18.85	-18.60	
108	39.81	-51.81	-4.81	5.35	-5.41	-45.42	
111	26.44	-45.38	32.13	4.48	-23.28	-33.04	
109	359.13	-33.69	-19.81	-16.11	-30.00	-34.02	
110	15.50	28.62	-66.62	-12.09	-27.45	-44.95	
109	38.31	38.25	-71.62	6.36	-16.75	-31.14	
110	68.44	35.00	-86.94	-0.16	-10.10	-12.46	
107	91.94	24.62	-92.56	3.04	-7.08	-2.33	
110	120.94	-1.75	-84.37	23.75	12.35	0.95	
109	50.63	-27.56	-45.56	30.87	31.03	-22.00	
109	22.31	-61.81	-25.31	16.02	8.18	-44.35	
110	21.19	-48.06	20.00	10.51	-11.66	-38.97	
109	10.00	-35.69	28.56	8.95	-5.10	-27.90	
110	339.06	-33.19	9.25	-13.67	-20.54	-11.76	
107	349.81	-0.69	-45.06	-20.69	-24.77	-24.20	
108	358.63	28.62	-84.37	1.15	-9.90	-39.39	
107	18.37	32.50	-98.94	5.93	-8.31	-21.60	
110	47.38	19.56	-104.06	18.98	10.89	11.45	
109	10.75	-13.13	-55.94	21.40	5.46	-5.83	
110	10.38	-23.31	-5.94	8.89	-17.50	-46.64	
109	4.19	-17.31	20.62	7.80	-8.33	-36.48	
109	355.00	-20.75	36.63	4.26	0.87	-19.07	
110	347.75	-26.00	49.31	3.41	2.84	-10.22	
109	331.63	-33.94	50.31	3.55	3.63	-5.65	
110	312.38	-38.88	39.94	0.09	2.05	-5.18	
107	317.06	-21.00	28.62	-13.87	-6.25	-17.22	
108	339.88	1.25	-58.69	-13.47	-10.82	-36.30	
111	20.06	-11.31	-118.00	-12.96	10.68	-39.51	
111	317.63	25.44	-25.50	-28.03	5.90	-40.95	
110	265.69	-43.94	-21.94	-13.34	-9.17	-31.56	
107	246.88	-54.88	-42.63	5.79	0.25	-10.52	
108	262.81	-57.81	-13.56	1.86	2.69	-4.17	
109	313.00	-32.44	20.00	2.10	3.88	-18.58	
108	357.13	-12.75	-37.13	4.25	-2.98	-40.40	
107	56.50	-47.44	-108.94	-0.90	-3.05	-31.45	
110	173.00	-48.13	92.44	-18.37	-7.55	-4.96	
107	235.44	11.38	3.13	-6.45	11.26	-21.33	
108	241.88	47.25	13.88	12.81	21.87	-47.25	
111	269.19	58.56	11.44	2.48	1.43	-37.12	
109	303.44	66.37	-44.88	3.70	0.85	-16.32	
110	328.19	30.50	-60.25	15.31	16.29	-23.75	
107	335.69	15.50	-12.06	7.99	6.69	-42.26	
108	332.94	11.75	18.25	-4.18	-10.07	-33.37	
107	324.75	0.25	35.94	-5.74	-4.86	-17.49	
110	298.50	-16.81	39.75	-22.69	-17.16	-4.16	
109	305.13	21.19	-14.38	-22.53	-16.29	-23.16	
110	290.75	47.13	-84.12	-5.11	-4.36	-42.39	
109	289.94	55.50	-128.50	-1.53	-3.96	-26.35	
111	313.38	47.31	-130.06	7.15	5.38	-9.96	
110	341.63	28.06	-95.44	7.27	2.51	-13.47	
107	350.81	12.63	-72.62	-0.09	-10.61	-23.48	
110	0.69	-4.13	-53.94	2.05	-11.44	-24.36	
107	6.50	-15.88	-36.13	2.99	-10.07	-23.34	
108	4.44	-21.75	-21.87	-2.23	-11.72	-19.48	
109	349.19	-17.81	-23.00	-4.98	-11.10	-19.50	
110	338.06	-2.19	-22.62	-2.71	-6.86	-21.81	
111	330.44	13.94	-27.75	-3.13	-4.57	-19.89	
109	324.88	27.75	-40.19	-3.94	-2.67	-16.77	
108	322.50	35.31	-53.06	-4.35	-1.23	-12.98	
107	321.38	38.69	-58.56	-4.33	-0.82	-11.65	
110	318.00	33.19	-50.56	-5.20	-0.81	-12.95	
107	313.94	19.50	-37.31	-8.16	-0.07	-17.11	
110	323.13	7.25	-21.94	-8.32	-1.68	-20.74	
107	342.25	3.19	-22.44	-5.05	-4.71	-19.73	
108	0.88	-2.50	-50.56	-10.73	0.43	-14.42	
109	20.12	2.19	-78.94	-7.91	-2.26	-14.30	
110	33.38	5.13	-88.50	1.94	-8.11	-10.02	
111	23.69	9.50	-81.75	0.39	-8.01	-9.43	
109	356.81	4.69	-64.81	-1.30	-10.23	-21.80	
108	331.44	-14.13	-56.19	-3.10	-8.27	-25.93	
109	342.69	-39.88	-40.25	-1.46	-8.54	-23.09	
108	12.06	-36.88	-12.25	3.88	-7.17	-21.63	
107	24.75	-25.00	-24.37	4.03	-6.04	-20.27	
110	29.75	-19.81	-59.75	-0.10	-6.39	-14.52	
107	34.88	-9.88	-76.69	-0.34	-4.02	-12.24	
108	27.75	4.94	-68.87	1.53	-4.41	-12.67	
109	2.63	2.00	-51.63	-3.60	-6.32	-18.96	
110	347.44	-20.87	-33.13	-9.47	-5.78	-25.21	
111	7.19	-27.62	-19.87	-11.18	-11.75	-23.84	
107	19.06	-17.44	-65.19	-2.37	-13.32	-26.18	
108	30.37	-9.19	-88.06	5.55	-8.61	-20.47	
107	29.25	3.94	-88.37	4.88	-1.48	-9.09	
110	5.13	22.12	-60.44	1.08	-1.30	-16.43	
109	338.19	5.19	-35.38	-3.51	-7.73	-26.81	
110	342.00	-29.87	-20.87	-16.02	-11.86	-22.70	
109	26.44	-27.00	-21.94	-10.50	-10.27	-26.78	
110	61.94	-30.06	-66.25	8.31	-3.16	-25.99	
111	95.37	-38.56	-88.12	7.19	4.53	-15.95	
109	70.25	-12.69	-60.63	3.90	1.30	-20.07	
110	27.00	-19.44	-45.56	1.88	-8.83	-31.52	
107	7.38	-56.06	-58.25	-14.70	-21.55	-29.87	
108	74.81	-57.75	-19.62	-9.27	-18.34	-31.63	
109	125.06	-56.00	-54.44	9.41	-0.19	-26.74	
110	119.75	-27.81	-50.56	11.00	-0.26	-17.60	
111	64.31	-23.94	-36.69	8.79	-5.03	-34.70	
108	11.56	-54.25	-82.00	-14.71	-23.02	-31.08	
109	97.19	-68.69	-25.69	-15.09	-24.26	-29.09	
109	140.31	-57.19	-69.00	8.57	-7.96	-33.22	
110	127.94	-29.81	-56.88	24.02	5.13	-14.37	
109	105.12	-27.44	-44.06	18.64	1.43	-22.12	
108	98.87	-44.44	-19.81	10.07	-16.20	-21.05	
107	91.87	-69.94	-68.31	-2.76	-18.73	-16.59	
110	74.56	-57.88	-51.00	-2.70	-14.96	-29.99	
111	67.37	-46.81	-42.31	0.13	-23.12	-9.76	
108	84.75	-48.94	-59.25	-1.65	-22.91	-8.78	
111	117.19	-47.44	-43.13	13.65	-6.13	-15.66	
107	140.13	-50.25	-33.69	18.28	2.42	-10.85	
108	153.44	-47.00	-0.75	21.88	3.97	-18.34	
109	181.31	-27.12	26.12	19.85	2.21	-29.64	
110	195.31	5.38	33.75	13.28	5.41	-34.17	
109	202.69	25.87	25.06	22.45	26.05	-15.31	
108	233.00	36.44	11.44	19.09	26.91	-22.99	
107	243.88	43.38	33.44	4.00	10.58	-35.29	
108	258.81	43.44	38.31	4.89	11.53	-18.98	
111	284.94	48.31	22.81	1.79	11.77	-10.97	
108	299.19	50.19	9.44	-2.24	11.00	-9.45	
111	304.50	44.44	0.44	-5.83	11.45	-8.74	
107	298.25	34.25	5.88	-10.74	10.72	-12.39	
110	283.94	23.37	21.31	-12.76	8.46	-15.87	
109	271.94	9.56	28.87	-10.96	7.15	-19.00	
110	258.50	1.00	41.94	-7.24	1.16	-15.17	
109	254.81	-2.00	41.56	-1.32	-4.63	-11.81	
108	248.31	6.13	31.37	6.76	-1.06	-14.43	
109	245.75	10.31	21.69	12.98	2.44	-15.04	
111	243.13	15.81	11.81	11.12	0.79	-17.07	
110	239.31	22.31	3.63	5.90	-3.85	-17.30	
109	235.38	21.87	-6.94	6.83	-1.56	-13.67	
108	225.25	15.00	-1.69	19.65	13.50	-11.35	
107	233.25	-17.87	16.87	21.18	6.67	-23.21	
108	246.88	-25.75	46.63	3.41	-4.89	-15.20	
107	252.44	-19.81	39.25	-9.13	3.82	-13.83	
110	232.69	-11.19	17.56	5.35	5.96	-28.37	
111	234.06	-4.81	14.50	17.01	0.29	-22.70	
108	235.56	-2.69	14.25	9.98	-2.57	-15.85	
109	230.75	-4.13	13.50	11.73	0.96	-10.97	
109	228.69	-11.88	14.88	14.27	5.13	-11.24	
110	231.75	-24.50	26.44	10.98	3.55	-10.02	
109	235.31	-35.31	39.25	6.26	-1.35	-8.34	
108	234.13	-32.50	29.56	7.01	0.36	-16.82	
107	224.81	-11.50	18.06	10.36	-0.09	-25.33	
108	215.88	5.75	4.38	20.11	4.25	-11.61	
107	235.13	-6.38	-11.94	20.02	11.79	-15.79	
110	232.81	-12.13	12.38	14.59	4.82	-23.15	
111	231.19	-36.94	37.94	15.33	-3.58	-21.83	
109	222.38	-43.19	58.63	11.72	-8.01	-14.18	
110	226.00	-48.63	46.63	1.84	-7.52	2.23	
109	225.63	-38.94	16.50	5.55	-3.13	-10.89	
110	222.50	-21.00	1.81	29.36	-10.31	-23.25	
109	251.94	17.19	-6.25	22.68	-6.72	-15.81	
108	280.31	16.12	-28.94	0.83	3.45	-10.71	
107	276.38	22.81	-20.69	-2.67	0.38	-12.22	
110	260.06	27.81	-1.00	-2.21	1.20	-16.24	
111	253.00	26.25	7.31	4.08	7.58	-23.04	
109	259.31	14.56	5.56	14.67	14.52	-16.83	
108	253.13	-4.81	19.25	12.18	11.96	-11.10	
107	252.56	-37.69	48.63	8.12	4.78	-15.01	
108	258.38	-20.12	55.00	2.66	-1.01	3.30	
109	267.38	-0.44	9.44	-2.74	4.35	3.55	
110	253.38	25.31	-6.00	3.33	12.39	-10.27	
109	249.69	38.06	-6.94	-4.04	0.51	-10.77	
108	258.19	47.25	-12.31	-4.39	-1.26	-8.49	
107	272.38	32.69	-32.69	0.92	4.00	-7.02	
110	270.94	28.00	-38.69	-2.48	-0.26	-14.37	
111	261.94	22.37	-32.06	-2.19	-3.51	-18.22	
109	256.63	12.56	-20.81	-1.92	-5.77	-20.97	
108	252.75	12.81	-15.75	-0.16	-5.04	-18.97	
107	241.75	17.62	-11.81	4.24	-0.99	-18.46	
108	233.56	14.50	-2.88	12.76	5.86	-18.04	
109	244.38	2.56	-12.75	11.07	3.49	-16.94	
110	249.06	-9.69	-7.88	5.94	-1.38	-18.88	
109	241.88	-27.75	4.88	5.93	3.92	-16.44	
108	233.50	-45.81	29.50	2.53	4.24	-10.10	
109	228.69	-56.06	25.44	5.34	5.31	-9.14	
111	214.88	-48.75	7.63	15.03	0.90	-11.34	
110	219.50	-45.50	6.38	15.83	-8.69	-13.39	
109	219.44	-33.75	-15.94	10.36	-4.03	-13.28	
108	211.94	-28.06	-10.00	0.99	-1.71	-11.74	
107	213.13	-54.13	-3.94	-0.81	-3.78	-11.41	
110	222.13	-64.56	9.19	4.40	1.45	-3.04	
109	211.25	-46.69	-1.19	7.75	3.90	2.67	
110	215.38	-26.87	-15.69	16.41	8.27	3.64	
109	230.25	-27.56	-16.06	17.15	6.82	-3.89	
109	236.56	-26.69	-4.81	11.23	-4.37	-20.23	
108	211.56	-24.06	4.13	5.65	-5.48	-15.26	
107	213.56	-33.38	5.19	5.95	-5.44	-6.04	
110	235.25	-51.38	-2.50	9.02	-0.27	-1.17	
109	217.19	-29.81	-34.50	15.04	10.49	-4.45	
108	214.81	-42.19	-19.69	15.87	3.18	-15.96	
107	243.94	-38.38	23.06	12.40	-9.19	-8.44	
110	247.81	-32.06	-4.44	20.54	-7.11	-5.62	
111	228.69	-39.31	25.25	18.60	-5.03	-5.93	
111	229.13	-49.38	49.63	11.32	-5.46	-0.84	
108	219.94	-60.88	73.06	8.48	-9.93	3.61	
107	230.44	-79.06	54.06	20.96	-14.55	8.81	
108	239.69	-74.12	19.37	21.71	-4.04	5.70	
107	230.56	-64.25	-8.69	11.72	3.37	-0.19	
110	206.19	-36.88	-25.94	30.70	-11.90	-10.16	
109	206.19	-39.63	-31.44	16.61	-10.24	-8.03	
108	252.81	-68.94	5.50	-1.05	2.84	-6.99	
107	276.50	-39.38	1.37	14.65	17.60	-9.68	
110	263.38	-29.62	-21.25	17.14	20.15	-9.49	
111	245.69	-36.06	-40.56	5.12	11.57	-15.95	
111	246.56	-46.56	-51.56	6.54	12.31	-7.75	
108	257.13	-57.88	-53.94	10.12	10.86	0.87	
107	245.94	-50.31	-45.00	15.87	1.15	-9.19	
108	248.63	-49.94	-38.56	31.75	-10.78	-15.98	
107	237.06	-51.44	-17.87	31.44	-4.43	-2.95	
110	216.88	-69.81	-22.31	20.40	-2.85	5.51	
109	197.44	-76.00	-54.00	14.66	-7.03	-1.39	
108	192.63	-76.37	-46.06	16.56	-4.38	-3.63	
107	196.44	-70.87	5.75	15.59	-2.97	-1.72	
110	187.31	-73.25	17.87	12.50	-12.10	7.60	
111	169.88	-76.62	16.50	2.78	-19.63	9.85	
109	166.13	-66.06	11.44	-0.43	-11.50	-4.55	
108	174.88	-49.19	-3.44	9.08	-4.96	-7.88	
107	202.63	-67.81	11.75	30.00	-15.96	-19.64	
110	175.81	-86.50	177.38	21.85	-25.44	-13.75	
109	161.06	-84.69	175.63	9.48	-16.73	4.66	
108	207.69	-45.88	72.94	10.88	1.23	-13.57	
109	234.56	-3.75	57.50	9.12	18.91	-17.03	
108	252.44	21.75	55.56	9.48	20.85	-8.00	
107	275.50	45.75	37.50	-1.50	14.16	-10.73	
110	289.75	57.94	6.81	-6.80	10.55	-11.72	
111	287.63	61.06	0.19	-9.45	6.89	-11.79	
109	283.25	58.19	5.94	-9.17	6.16	-11.88	
108	277.50	52.75	18.75	-7.99	6.94	-12.81	
107	273.81	44.19	30.62	-6.17	8.57	-12.70	
108	276.19	36.38	35.94	-4.19	10.86	-11.27	
109	279.38	36.25	40.63	-3.72	11.51	-9.97	
110	281.25	37.06	44.50	-3.55	12.02	-10.61	
109	281.56	34.25	50.31	-2.56	13.49	-9.65	
108	280.88	31.25	55.50	-1.49	14.50	-7.18	
109	282.00	30.00	59.44	-0.62	15.47	-5.84	
110	9.56	29.50	-96.44	-0.23	7.77	-2.66	
111	9.06	34.31	-96.56	-0.73	-0.41	-1.73	
109	6.44	37.38	-97.31	-0.41	-0.02	-1.16	
108	5.50	38.50	-96.75	0.48	0.50	0.59	
107	5.00	39.00	-96.50	-0.09	-0.04	0.21	
108	4.75	39.19	-97.31	-0.31	-0.31	0.43	
107	4.81	39.13	-97.94	-0.23	-0.29	0.30	
110	4.88	39.13	-98.37	-0.30	-0.38	0.11	
109	4.69	39.38	-99.25	-0.50	-0.49	0.04	
108	359.25	46.06	-99.75	-1.35	-1.52	-0.64	
109	356.94	53.00	-96.69	-1.89	-1.81	-0.66	
111	354.00	55.50	-92.56	-1.57	-1.16	0.17	
110	354.00	56.94	-87.50	-1.36	-1.24	-1.67	
109	353.63	57.38	-90.37	-0.95	-0.92	-2.21	
108	353.38	57.13	-96.44	-0.51	-0.45	-0.47	
107	353.31	56.88	-99.31	-0.70	-0.64	-0.34	
110	352.81	58.06	-103.94	-0.30	-0.42	-0.78	
109	351.81	59.06	-122.00	2.57	0.62	2.14	
110	340.94	60.63	-144.06	3.42	-1.10	2.31	
109	328.25	55.81	-174.75	3.07	7.09	3.98	
109	328.88	49.44	179.00	-1.28	4.55	0.10	
108	339.81	34.31	168.75	-4.97	-4.09	-5.66	
107	330.31	19.12	166.81	-1.13	0.73	-2.25	
110	327.94	-1.56	158.50	0.75	0.39	-5.61	
109	333.00	-10.38	161.50	-2.04	-1.80	-6.00	
108	332.25	-5.25	164.44	4.73	-6.86	-1.05	
107	333.81	-0.44	157.75	-0.83	7.95	5.34	
110	334.56	-8.75	157.75	1.85	6.02	9.24	
111	332.88	2.00	144.38	14.42	-7.95	-0.92	
111	217.00	22.06	130.56	4.30	-0.97	-12.24	
108	273.19	49.06	129.75	-2.53	-1.41	-12.38	
107	346.75	68.37	-136.06	-3.89	-5.93	-7.69	
108	43.88	29.94	-80.62	-1.44	-11.20	-5.49	
107	67.31	6.06	-54.69	1.82	-12.38	-5.19	
110	72.75	-1.19	-28.69	2.50	-9.50	-3.30	
109	72.12	4.50	-5.06	1.73	-5.18	1.12	
108	61.63	15.94	18.62	1.03	-2.10	7.59	
107	41.94	29.06	46.44	-0.06	-1.37	14.36	
110	36.75	23.87	24.87	6.62	-12.35	-8.53	
111	22.87	2.25	-9.94	6.69	-11.68	-30.82	
111	16.44	-1.50	-33.31	-0.74	-1.75	-24.54	
108	29.25	-2.81	-57.69	-1.51	-3.81	-16.35	
107	62.63	-3.75	-47.75	-0.64	-6.22	6.04	
108	80.44	6.56	-16.81	1.22	-7.40	26.14	
107	94.44	34.69	16.75	-0.45	-4.31	30.81	
110	113.69	61.56	104.62	-4.18	0.04	26.98	
109	194.94	25.94	144.31	-4.97	3.75	16.09	
108	244.81	-12.50	140.25	0.49	5.07	6.76	
107	308.38	-23.81	167.81	8.67	0.46	-2.39	
110	347.38	11.06	158.88	8.02	-8.95	-12.81	
111	254.75	52.88	124.25	0.22	-6.59	-15.85	
109	290.88	74.69	166.06	-4.09	0.78	-7.90	
108	326.44	55.88	-177.63	-2.33	-3.96	1.89	
107	341.56	37.19	177.13	0.07	-7.50	3.55	
108	347.94	21.75	171.31	3.21	-7.80	0.72	
109	350.38	8.50	153.06	7.16	-6.73	-6.76	
110	178.88	1.63	119.56	7.13	0.13	-18.11	
109	139.06	-25.12	92.31	9.24	3.95	-13.19	
108	73.19	-59.13	47.25	13.68	-1.16	-2.11	
107	51.06	-35.56	-3.63	11.60	-3.75	-5.44	
110	49.31	-10.31	-22.56	7.16	-3.93	-10.34	
111	35.25	19.69	-46.63	12.89	-13.00	-14.75	
109	334.56	62.50	-97.37	18.85	-13.13	-28.64	
108	141.63	-9.25	103.62	21.91	-13.76	-22.27	
107	67.12	-44.94	156.00	19.41	-18.19	-2.76	
108	141.63	-4.19	132.63	12.10	-9.90	-2.44	
109	199.63	10.94	113.44	1.50	-4.99	-10.28	
110	175.63	-11.00	100.37	-0.26	1.00	-11.44	
109	92.06	-44.44	73.81	16.04	2.06	5.70	
108	67.87	-53.94	21.69	18.60	-3.52	6.61	
109	74.69	-43.94	18.81	9.72	-0.67	-3.53	
111	81.00	-41.00	38.69	6.19	3.78	-1.40	
110	88.31	-42.00	72.81	5.27	5.14	-7.41	
109	177.63	0.00	113.37	-17.05	-12.39	-13.83	
108	201.25	23.44	121.25	-15.40	-15.35	-17.08	
109	85.75	-41.94	127.81	15.37	-8.68	-10.55	
110	60.25	-48.94	108.62	17.66	-9.17	0.50	
111	109.44	-20.06	102.75	9.95	2.23	-6.11	
111	183.13	2.69	104.75	-8.08	0.96	-16.25	
108	212.00	23.31	130.63	-6.90	-0.61	-13.03	
107	346.94	-27.25	143.63	13.42	-4.02	-2.97	
110	40.63	-60.50	147.25	14.43	-7.01	1.60	
109	75.25	-47.94	126.25	8.26	0.06	-3.69	
110	150.00	-0.88	113.25	6.25	2.93	-5.46	
107	149.69	-3.00	109.37	-10.88	-0.25	0.91	
108	108.56	-33.81	112.94	-8.47	-4.30	0.62	
107	55.13	-56.94	105.87	10.39	-8.06	5.24	
110	72.12	-46.06	92.69	1.75	-2.78	6.75	
111	108.87	-29.37	96.75	2.83	5.07	-2.75	
109	122.06	-20.25	115.00	5.93	-0.49	-3.88	
108	68.69	-32.13	142.00	5.42	-11.06	1.43	
107	85.81	-32.19	133.81	-0.32	-7.65	-4.62	
110	134.63	-12.44	95.94	-9.44	4.63	-11.18	
109	95.19	-33.06	89.75	1.42	4.93	-4.34	
110	27.44	-75.75	72.00	10.00	-1.28	7.62	
107	57.25	-59.50	104.25	2.58	2.62	3.95	
108	102.50	-28.37	111.56	-1.71	2.12	-7.92	
107	87.69	-23.75	139.88	1.86	-13.71	-2.70	
110	45.00	-39.44	148.38	0.34	-12.21	-1.96	
111	87.31	-28.87	106.06	-6.83	3.40	-6.01	
109	89.94	-28.69	83.19	-3.19	7.77	-4.30	
108	28.31	-75.44	52.69	7.47	6.15	0.55	
107	26.12	-75.37	85.37	7.55	4.95	-1.03	
110	86.37	-26.25	122.50	-3.30	-6.94	-8.88	
109	334.75	-29.00	145.00	-3.10	-17.50	-7.12	
110	45.13	-50.56	124.62	1.60	-5.83	-2.86	
107	58.06	-39.63	81.37	-0.45	7.35	0.71	
108	43.50	-58.63	61.75	10.43	1.71	-1.65	
109	35.94	-69.50	70.06	11.51	0.73	-11.10	
108	34.81	-48.88	91.94	7.22	-0.96	-2.05	
111	91.87	-27.44	125.69	7.98	-9.66	-2.82	
109	117.37	-13.69	131.63	-1.58	-3.41	-10.77	
110	179.75	17.87	119.25	-6.29	3.45	-4.40	
109	182.06	19.69	114.94	-4.70	4.81	-3.03	
110	159.25	2.00	123.37	-4.90	3.64	-5.79	
107	344.50	-16.56	141.63	-0.64	1.55	-6.72	
110	339.56	-14.56	158.88	3.22	0.50	-4.33	
109	322.69	-6.13	163.00	1.27	-3.50	-2.75	
109	315.31	-9.94	155.19	0.75	-5.97	-0.62	
110	326.88	-17.50	146.31	1.87	-5.03	0.72	
109	101.25	-18.69	136.63	2.29	-3.58	1.08	
110	107.31	-12.69	125.56	2.67	-4.14	0.67	
107	85.44	-16.31	117.12	2.43	-4.32	0.86	
108	67.94	-25.06	107.69	1.68	-1.69	1.16	
107	63.69	-25.25	97.25	1.45	-0.85	0.93	
110	61.75	-19.50	86.06	1.69	-2.90	1.14	
109	46.81	-24.31	76.87	0.71	-3.72	0.60	
110	37.13	-24.87	60.88	-1.09	0.77	-0.83	
109	32.06	-14.06	48.56	-0.58	4.36	-0.50	
107	23.19	-7.75	47.69	1.22	3.20	1.07	
110	12.81	-15.50	52.13	1.67	1.34	0.97	
109	13.44	-22.44	62.19	-0.14	1.15	-0.64	
110	27.31	-18.00	77.25	-2.23	-0.47	-1.81	
107	29.69	-18.44	91.06	-2.11	-2.99	-1.98	
108	16.25	-26.44	106.12	0.20	-1.95	-1.10	
107	15.69	-23.37	115.94	1.15	-0.99	-0.12	
110	31.06	-13.13	118.31	0.00	-0.67	0.14	
109	35.31	-12.31	117.25	-0.23	-0.71	-0.05	
111	25.94	-20.19	117.56	1.32	-1.62	-0.34	
108	23.06	-20.87	116.25	0.76	-0.15	0.28	
107	29.00	-15.56	112.12	0.06	-1.10	-0.11	
110	21.37	-20.00	107.81	0.86	-3.24	-0.86	
109	15.44	-24.37	100.37	0.96	-1.47	-0.59	
110	18.69	-20.31	90.56	1.59	-2.79	-0.67	
107	15.19	-18.44	78.44	-0.02	-3.19	-1.52	
108	14.06	-17.12	63.19	-2.22	-0.45	-2.62	
107	8.75	-12.44	53.25	-1.16	-0.35	-2.22	
110	349.38	-7.50	48.25	0.21	0.81	-0.11	
109	335.38	-6.00	46.25	2.47	0.56	1.41	
109	337.69	-2.75	43.69	3.39	-0.24	1.46	
108	353.25	-2.88	41.06	0.66	2.18	-1.06	
107	4.25	-4.69	48.56	-1.22	0.07	-2.72	
110	357.63	-14.13	66.00	0.74	-4.04	-2.08	
109	354.13	-19.56	82.56	2.80	-1.56	-1.47	
110	1.44	-16.94	93.69	1.63	0.06	-0.13	
107	6.00	-17.81	96.94	0.42	-1.95	0.19	
108	5.63	-20.12	93.44	-0.20	-1.80	-0.59	
107	4.38	-17.62	86.94	-0.33	-1.70	-1.06	
110	1.06	-13.63	77.25	-0.95	-0.18	-0.94	
111	359.06	-9.31	66.94	-0.94	2.52	-0.87	
109	354.31	-6.38	61.06	-0.46	1.67	-0.31	
108	346.38	-5.88	61.44	0.91	0.00	-6.75	
107	341.31	-8.44	58.13	2.67	0.94	-8.18	
110	344.25	-8.00	60.88	3.80	0.13	-0.96	
109	353.38	-7.50	64.37	1.22	-1.31	-0.45	
110	358.69	-10.50	70.00	-0.87	0.01	-1.34	
107	359.75	-13.88	79.94	1.10	-1.61	-1.70	
108	356.00	-18.12	89.31	1.16	-3.21	-1.41	
107	357.94	-17.81	94.12	0.60	-1.10	-0.50	
110	5.38	-14.56	95.69	0.49	-2.15	-0.74	
111	2.88	-17.62	93.62	1.29	-2.55	-1.42	
109	0.44	-17.87	90.00	1.70	1.24	-1.43	
108	2.25	-13.69	87.81	0.00	-0.98	-0.43	
107	356.06	-16.12	82.81	-1.07	-1.15	-0.21	
110	353.00	-16.56	76.87	-0.53	1.90	-0.68	
109	353.75	-11.69	74.12	-0.35	-1.68	0.41	
110	353.69	-9.56	70.06	-0.72	0.29	-0.11	
107	354.06	-7.44	68.62	-0.88	3.65	-0.63	
108	352.75	-8.44	68.69	-0.66	0.75	0.54	
109	352.19	-12.13	69.25	0.45	0.03	-0.21	
108	356.31	-11.31	73.37	0.42	-1.06	-0.28	
111	1.12	-11.75	77.69	-0.80	-1.04	0.05	
107	2.75	-14.44	83.19	-0.58	1.26	-0.82	
108	7.25	-13.50	90.81	-0.58	0.72	-1.23	
107	9.81	-13.81	97.31	-1.11	-2.19	-0.96	
108	5.81	-18.25	100.25	0.35	-1.86	-0.48	
107	7.69	-16.81	101.56	1.47	2.00	-0.12	
110	15.44	-11.88	103.06	0.02	0.11	-0.25	
109	8.63	-17.19	102.94	1.17	-3.18	-0.64	
108	2.88	-20.87	101.00	2.62	-1.44	-0.16	
107	9.06	-14.56	98.25	0.31	-0.17	0.35	
110	7.25	-15.19	93.75	-0.68	-1.46	-0.22	
111	358.13	-21.19	87.37	1.44	-0.17	-1.03	
109	1.25	-16.44	84.87	1.56	1.45	-0.97	
108	5.50	-10.81	84.25	-0.39	-0.06	-0.11	
107	358.81	-17.06	82.19	0.07	-0.54	-0.56	
108	355.19	-19.50	82.31	1.36	0.04	-1.01	
109	0.75	-13.50	85.94	0.04	-3.30	0.32	
110	1.06	-15.38	85.56	-0.15	-4.54	-0.08	
109	357.69	-19.94	83.31	1.53	0.17	-1.32	
108	2.44	-14.56	85.00	0.51	0.35	-0.49	
107	3.06	-12.69	85.44	-2.12	-0.54	0.06	
110	0.56	-16.00	83.87	-1.54	2.83	-0.41	
111	2.63	-15.50	85.50	-0.12	1.88	-0.86	
109	1.63	-14.88	88.50	0.07	-0.39	-0.90	
108	1.12	-15.19	91.06	1.12	2.90	-0.97	
107	4.38	-13.81	95.12	0.49	1.81	-1.15	
108	359.75	-18.25	97.50	-0.01	-3.57	-1.65	
107	356.06	-20.62	97.37	1.70	-1.64	-1.09	
110	2.69	-15.13	98.06	0.30	-0.67	-0.15	
109	2.75	-15.75	95.94	-2.30	-3.40	-0.21	
108	355.94	-20.56	91.75	-1.39	0.40	-0.40	
107	359.13	-16.87	90.37	-0.09	0.07	-0.32	
108	0.25	-14.75	88.00	0.51	-3.94	-0.07	
109	356.25	-17.69	82.25	0.55	0.83	-0.71	
108	359.38	-15.19	78.62	0.06	4.83	-0.79	
111	0.50	-12.50	79.50	-0.72	1.19	0.10	
107	352.13	-18.00	81.19	-0.32	-0.13	0.15	
108	350.31	-19.87	86.12	0.23	0.96	-0.46	
109	359.94	-15.44	92.12	-1.66	-2.69	-0.30	
110	0.00	-18.50	94.75	-1.95	-1.94	0.07	
109	1.25	-18.50	100.06	-0.70	1.83	-0.24	
108	5.44	-15.88	105.50	-1.18	-0.91	-0.57	
107	2.25	-18.81	107.75	-0.11	-1.24	-0.44	
108	4.94	-18.12	109.12	1.46	1.49	-0.34	
109	9.75	-15.25	110.81	0.85	-0.70	-0.33	
110	6.69	-16.19	111.44	2.02	-0.99	-0.73	
111	5.63	-12.06	101.50	-4.01	3.07	1.75	
107	355.44	-23.81	96.50	-9.57	3.02	1.69	
108	358.13	-18.69	91.19	-6.75	6.28	-2.15	
109	2.25	-10.13	86.50	-0.86	5.55	-2.57	
110	350.19	-17.62	79.62	9.27	-1.36	-1.68	
109	333.56	-35.63	72.87	11.09	-1.11	-1.30	
108	342.38	-20.37	80.56	0.33	2.21	-0.40	
107	4.44	-2.19	86.56	-4.43	0.39	1.50	
108	355.06	-22.06	84.56	0.33	-2.90	-0.50	
109	345.25	-29.81	88.81	3.58	-1.81	-1.80	
111	2.75	-12.44	98.44	0.90	-3.30	0.36	
108	358.19	-19.75	98.25	-1.90	-6.05	-0.16	
107	345.19	-31.44	91.00	2.69	-3.31	-1.27	
108	358.19	-17.12	81.81	1.75	2.72	-0.87	
109	10.75	-3.13	77.69	-2.39	1.23	0.64	
110	344.88	-23.87	72.31	1.34	-1.84	0.02	
109	327.88	-31.31	69.87	4.79	1.47	-1.03	
108	336.94	-18.50	77.56	2.13	-2.07	2.28	
107	354.69	-14.19	75.56	-1.16	-6.24	2.05	
108	350.06	-22.69	69.12	0.34	0.38	-1.96	
111	350.38	-19.69	69.81	1.81	5.00	-2.27	
109	353.75	-12.50	77.81	-0.45	-0.25	0.23	
110	343.56	-21.62	83.12	-0.02	-3.22	1.06	
107	340.38	-26.81	88.81	2.59	-3.09	0.23	
108	352.69	-18.25	91.12	0.50	-7.11	0.28	
109	353.88	-19.19	80.87	-1.56	-3.55	-0.95	
110	354.75	-15.94	69.44	-0.10	3.48	-1.95	
109	347.69	-12.50	67.19	0.04	2.31	0.05	
108	328.94	-20.56	66.50	0.70	0.53	1.78	
109	327.06	-22.87	67.37	0.32	0.63	1.83	
108	345.44	-14.31	71.06	-1.09	-2.04	1.51	
109	350.13	-15.00	73.31	-1.08	-0.38	0.55	
109	348.13	-17.94	79.06	0.01	3.46	-0.39	
110	349.56	-17.56	89.62	0.14	-0.33	0.01	
107	348.44	-20.50	96.62	0.82	-5.21	0.63	
108	350.38	-20.56	96.94	1.29	-4.23	-0.02	
109	351.19	-19.12	93.00	-3.12	-3.58	-0.37	
110	347.44	-19.06	81.50	-3.32	-0.79	-1.22	
111	346.13	-13.56	70.19	-0.79	4.57	-1.74	
108	341.44	-9.00	65.94	-0.68	5.62	-0.11	
109	332.63	-13.69	65.50	1.06	3.92	1.15	
109	332.31	-19.00	70.31	2.03	3.40	-0.39	
110	346.56	-16.25	83.12	-0.03	1.58	-2.13	
109	0.00	-14.75	96.25	-2.05	-1.67	-2.82	
108	352.44	-21.19	109.62	0.08	-2.47	-1.89	
107	7.31	-7.88	117.94	-6.16	-5.86	-0.21	
108	347.19	-26.19	110.12	0.31	-10.53	-2.36	
109	340.13	-33.69	111.56	11.59	-5.22	-2.99	
110	9.75	-11.44	112.62	-0.04	0.39	-0.69	
111	12.88	-10.13	115.87	-5.86	-1.30	0.17	
109	341.19	-29.94	121.44	3.09	-1.97	0.70	
110	357.19	-17.81	124.06	4.27	-0.37	0.67	
109	19.75	-6.88	124.50	-4.10	-0.74	-0.48	
110	354.44	-22.81	127.75	-1.22	-0.79	-0.34	
109	353.00	-22.25	133.94	5.20	1.07	0.22	
108	219.69	-8.38	137.56	1.36	-3.22	-0.86	
107	219.50	-14.44	139.75	-1.93	-3.68	-0.12	
110	227.50	-20.31	139.19	1.24	1.16	1.14	
111	227.81	-15.13	138.31	2.04	-0.06	0.13	
109	218.63	-11.13	138.31	-0.17	-1.75	-0.12	
108	218.50	-13.88	136.88	-1.41	1.01	0.96	
107	0.00	-15.19	135.19	-0.64	0.42	0.85	
108	347.75	-20.62	136.50	0.98	-3.40	0.59	
109	339.31	-23.37	133.81	1.29	-2.17	1.05	
110	353.44	-17.44	124.50	-1.28	0.51	1.28	
109	353.06	-21.69	118.31	-3.72	-1.87	0.37	
108	333.38	-33.88	114.62	1.06	-5.20	0.44	
109	340.31	-24.69	108.00	1.49	-4.24	2.59	
111	341.00	-29.06	100.06	-2.94	-1.54	0.78	
110	326.13	-38.00	86.19	0.88	2.62	-1.73	
109	323.13	-32.75	81.37	4.14	6.69	-0.83	
108	325.56	-25.06	87.81	0.02	3.90	3.56	
107	342.06	-29.12	98.62	-0.82	-2.05	1.06	
110	349.31	-25.12	118.56	1.22	-2.59	-4.08	
109	11.56	-12.56	131.25	-1.00	-3.36	-2.99	
110	230.63	-19.06	140.13	0.15	-5.38	-1.16	
109	349.88	-22.50	134.38	2.25	-1.77	-0.55	
109	13.56	-14.06	120.94	-1.29	1.18	-3.00	
108	4.88	-19.69	116.56	-3.49	1.30	-2.62	
107	336.81	-33.25	116.12	1.24	0.60	0.30	
110	327.75	-33.38	115.69	3.96	1.88	2.05	
109	340.44	-23.81	118.50	-1.14	-1.36	1.73	
108	336.69	-30.25	119.75	-0.52	-2.71	0.36	
107	342.75	-29.44	117.50	4.79	2.24	-0.41	
110	347.56	-22.81	118.19	1.73	-2.35	0.38	
111	327.44	-32.88	116.25	-0.94	-4.31	0.73	
110	330.00	-35.06	104.50	1.14	0.76	-0.35	
109	335.50	-28.69	94.87	0.36	-0.68	0.78	
107	328.63	-33.19	87.69	-0.14	-0.24	1.13	
108	329.50	-33.25	82.87	2.54	3.99	-0.78	
107	333.31	-28.75	87.50	2.32	1.47	0.27	
110	329.00	-32.38	100.56	1.85	-2.61	0.86	
109	330.19	-33.06	111.81	4.09	-0.68	-0.95	
108	339.88	-26.19	119.00	3.24	-2.54	-0.97	
107	336.63	-28.50	117.44	0.33	-2.92	-0.66	
110	346.25	-25.06	107.31	-0.59	1.85	-1.37	
111	340.56	-25.62	102.37	0.43	-0.04	-0.50	
111	314.00	-39.38	98.81	3.04	-1.21	1.20	
108	303.75	-42.81	92.94	4.90	2.04	1.42	
107	312.38	-35.44	93.50	2.71	0.13	2.06	
108	335.75	-27.69	99.62	-1.04	-1.75	0.11	
107	352.63	-21.25	108.87	-0.22	0.97	-2.54	
110	3.00	-15.56	121.87	2.32	0.22	-1.39	
109	216.50	-15.69	138.13	2.68	-2.36	-0.22	
108	211.75	-10.81	146.31	1.13	-1.16	0.88	
107	208.81	2.06	143.31	-1.36	0.91	0.52	
110	211.56	7.63	136.56	-2.69	2.15	-0.14	
111	52.38	4.75	131.31	-3.29	3.97	0.09	
109	47.31	0.00	129.00	-3.39	4.61	-0.48	
108	37.94	-4.38	132.50	-2.52	4.14	-1.56	
107	224.25	-8.56	135.63	-2.55	2.15	-2.77	
108	215.00	-12.44	140.19	-2.17	-0.45	-5.61	
107	209.31	-20.50	149.00	-0.11	-2.40	-8.47	
110	208.69	-33.81	160.63	1.16	-4.11	-6.38	
109	212.56	-43.19	171.13	1.85	-5.48	-1.75	
108	235.44	-45.13	170.50	2.44	-5.86	0.66	
107	261.25	-42.19	160.75	3.01	-5.70	1.97	
110	302.81	-36.38	146.69	4.53	-7.79	2.02	
111	323.69	-36.75	133.81	5.51	-9.88	0.46	
111	353.25	-30.37	116.56	2.88	-9.02	-1.76	
108	2.94	-33.63	93.56	-2.20	-7.74	-5.21	
107	348.00	-32.44	51.44	-2.37	2.64	-5.77	
108	315.50	-24.87	11.38	15.42	4.69	-2.25	
107	315.94	-33.88	-0.37	24.66	6.03	-11.18	
110	332.63	-47.56	87.75	6.09	-4.35	-19.03	
109	2.63	-25.62	126.75	-1.48	-22.75	-10.39	
108	346.94	-44.25	101.75	0.31	-9.19	-10.19	
107	332.88	-26.31	55.63	0.60	7.34	-1.69	
110	300.81	-42.00	1.25	12.88	5.37	2.19	
111	309.19	-39.06	8.56	24.55	-0.95	-7.62	
109	338.69	-34.56	101.25	-2.22	-15.08	-8.41	
108	321.69	-39.75	136.13	-5.96	-21.98	-7.98	
107	339.31	-37.25	98.56	5.92	-5.20	-8.14	
108	320.13	-38.63	60.13	2.15	4.10	-4.93	
109	286.81	-46.06	-13.75	17.51	10.24	-1.59	
110	298.75	-53.94	6.88	19.41	7.66	-8.69	
109	325.44	-36.00	104.69	-8.67	-16.55	1.56	
108	322.88	-41.56	129.63	-17.84	-14.52	-1.09	
107	339.75	-42.38	108.69	3.07	4.10	-13.31	
110	13.00	-23.12	96.12	6.37	7.61	-3.22	
111	50.31	-2.81	93.00	-4.85	6.52	0.01	
109	63.50	0.56	96.94	-13.15	2.53	-5.42	
108	14.75	-25.62	117.12	-6.94	1.72	-11.94	
107	300.75	-39.50	149.31	4.80	-9.04	-7.63	
108	217.00	-31.37	154.31	18.91	-27.76	-3.87	
109	323.25	-44.56	108.87	-2.87	-18.86	-20.41	
110	304.25	-39.25	20.31	5.27	-16.04	-27.94	
109	292.88	-30.37	-30.75	37.68	-18.40	-16.81	
110	304.06	-48.13	47.25	0.29	-9.74	-17.70	
111	307.25	-45.38	130.88	-5.28	-22.51	-15.92	
109	316.81	-39.44	107.00	-3.68	-19.74	-5.62	
110	300.56	-49.75	33.81	-0.45	-1.20	-7.72	
107	280.44	-29.81	-22.50	29.99	13.43	-10.83	
108	301.44	-33.56	21.44	19.76	14.34	-11.23	
107	320.50	-36.88	103.81	-1.32	-8.88	-13.89	
110	321.00	-42.56	120.19	2.00	-20.89	-8.96	
109	323.38	-32.25	100.56	16.11	-8.70	-15.75	
110	346.69	12.00	71.81	8.15	4.04	-16.21	
109	28.00	46.94	48.38	-4.27	5.26	-2.89	
108	66.81	56.19	-2.06	-7.24	-0.84	0.30	
109	96.37	39.75	-35.81	-6.64	-4.64	-1.00	
107	125.37	25.87	-48.38	-3.68	-6.01	-2.82	
110	154.50	8.06	-60.56	0.03	-6.82	-2.91	
109	178.44	-15.81	-84.37	10.21	10.50	-0.68	
108	139.19	-6.06	-113.75	9.37	15.29	-7.65	
107	1.31	49.19	-148.81	-0.33	1.43	-14.07	
110	286.00	71.62	96.62	-5.20	0.02	-5.74	
109	272.38	50.44	44.44	-7.85	2.05	-0.13	
110	276.94	42.38	29.37	0.98	4.17	1.54	
109	303.19	40.75	4.38	5.91	4.64	2.05	
109	337.38	31.31	-21.44	2.02	2.32	-0.69	
108	353.88	31.62	-31.81	17.13	2.10	-8.08	
107	2.81	44.75	-47.06	17.92	-2.56	-12.53	
110	8.81	43.63	-43.00	3.43	-5.50	-8.25	
109	18.94	41.94	-46.88	2.87	-1.68	-1.22	
108	24.62	38.69	-50.25	0.07	-1.44	0.63	
107	28.06	39.25	-52.81	-1.00	-0.98	-0.60	
110	31.37	42.31	-55.44	-0.62	-0.39	-0.12	
111	34.44	42.69	-57.31	-0.42	0.01	0.25	
111	35.31	40.94	-58.88	-0.66	-1.32	0.08	
108	35.94	37.75	-60.88	0.43	-0.90	-0.66	
107	35.19	37.56	-60.94	-2.35	-3.93	-1.90	
108	30.06	45.31	-60.44	1.16	0.92	-0.33	
107	17.75	51.38	-52.44	3.58	3.55	0.60	
110	23.25	40.25	-49.56	0.87	-2.78	-1.60	
109	22.00	36.13	-36.38	2.78	-7.67	-0.77	
108	20.50	34.81	-34.75	0.18	-8.83	-0.06	
107	23.44	35.88	-38.38	-0.16	-2.32	-0.23	
110	23.75	38.25	-40.38	0.77	-0.14	-0.53	
111	22.94	40.25	-40.06	2.78	2.47	-0.33	
109	16.94	40.63	-34.44	2.55	0.81	-0.80	
108	20.50	42.81	-36.25	-2.07	-4.60	-2.40	
107	25.12	44.38	-40.38	-1.64	-4.44	-2.21	
108	25.75	44.06	-38.88	0.39	-1.67	-1.52	
107	25.62	44.06	-37.13	0.78	0.22	-0.20	
110	25.37	43.50	-36.50	0.76	0.11	0.15	
109	25.75	43.25	-37.00	0.49	-0.47	-0.49	
108	24.94	45.88	-37.50	0.29	-0.45	-0.51	
107	24.44	47.63	-37.81	0.18	-0.24	-0.41	
108	24.31	48.19	-38.38	-0.07	-0.22	-0.33	
107	24.81	48.38	-38.69	0.18	0.27	-0.16	
110	22.69	48.94	-34.56	-2.93	-6.43	-3.72	
111	24.87	49.00	-36.19	-2.24	-5.31	-2.58	
109	24.56	50.88	-37.00	0.50	1.23	0.81	
108	25.44	50.00	-36.56	-0.37	-0.27	-0.94	
109	26.25	48.75	-35.69	0.23	-0.12	-0.86	
110	25.50	49.75	-35.44	3.48	6.17	1.70	
109	21.62	50.06	-29.12	-0.90	-1.06	-0.74	
108	17.87	57.31	-34.31	-4.53	-7.98	-2.85	
107	19.31	58.94	-35.31	-1.00	-1.03	-0.43	
108	20.62	56.38	-31.12	-0.99	-0.68	-0.69	
107	20.12	56.56	-29.87	-0.44	-0.46	-0.44	
110	20.19	56.75	-30.50	-0.20	-0.25	-0.02	
111	18.94	56.44	-28.94	2.32	3.06	0.85	
107	13.75	58.75	-24.87	-1.79	0.70	0.43	
108	13.69	64.12	-45.00	-1.23	-1.29	-0.50	
109	14.94	65.06	-48.19	3.61	1.18	-0.62	
110	15.81	63.19	-34.06	0.74	0.27	-0.55	
109	15.81	62.50	-32.63	-0.17	0.01	-0.09	
108	15.50	62.56	-34.06	-0.02	-0.39	-0.42	
107	15.56	62.56	-33.63	0.19	-0.18	-0.47	
108	15.50	63.00	-33.50	0.08	-0.12	-0.45	
107	15.50	63.56	-34.06	-0.02	-0.26	-0.48	
110	15.56	63.75	-34.25	-0.22	-0.19	-0.27	
111	15.63	63.75	-34.13	-0.26	-0.07	-0.20	
109	15.69	63.88	-34.25	-0.20	-0.11	-0.22	
110	15.69	63.88	-34.25	-0.15	-0.10	-0.29	
109	15.94	63.75	-34.31	-0.14	-0.11	-0.35	
110	15.88	63.81	-34.25	-0.06	-0.13	-0.26	
109	15.75	64.06	-34.13	0.03	-0.07	-0.16	
110	15.69	64.19	-34.06	0.01	-0.02	-0.11	
111	15.75	64.19	-34.25	0.00	-0.00	-0.17	
109	15.63	64.12	-34.38	0.01	-0.01	-0.23	
110	15.50	64.06	-34.44	0.00	-0.01	-0.18	
107	15.13	64.06	-34.50	-0.00	-0.00	-0.13	
108	14.88	64.12	-34.44	0.01	-0.02	-0.11	
109	14.81	64.19	-34.38	0.04	-0.02	-0.10	
110	14.63	64.19	-34.38	0.04	-0.03	-0.12	
111	14.63	64.19	-34.25	0.02	-0.03	-0.15	
110	14.38	64.12	-34.25	0.02	-0.02	-0.10	
111	13.94	64.12	-34.31	0.00	-0.04	-0.08	
109	13.88	64.19	-34.38	-0.02	-0.02	-0.06	
110	13.38	64.25	-34.44	-0.02	-0.00	-0.06	
109	13.25	64.25	-34.38	-0.03	-0.01	-0.12	
110	13.25	64.19	-34.31	-0.01	-0.02	-0.11	
111	13.25	64.12	-34.25	0.01	-0.05	-0.08	
111	13.25	64.12	-34.25	0.00	-0.06	-0.14	
108	13.19	64.19	-34.19	-0.01	-0.06	-0.15	
109	13.13	64.19	-34.13	0.00	-0.04	-0.07	
110	13.06	64.25	-33.94	0.04	-0.03	-0.04	
109	13.06	64.25	-33.94	0.03	-0.06	-0.07	
110	13.00	64.31	-34.06	0.01	-0.05	-0.12	
111	13.00	64.37	-34.25	0.02	-0.05	-0.11	
108	13.00	64.44	-34.31	0.02	-0.07	-0.09	
111	13.00	64.56	-34.44	0.01	-0.08	-0.07	
107	13.06	64.50	-34.44	-0.01	-0.06	-0.05	
110	13.13	64.44	-34.50	-0.01	-0.04	-0.14	
109	13.13	64.37	-34.50	0.01	-0.04	-0.20	
110	13.19	64.31	-34.38	-0.01	-0.05	-0.15	
111	13.13	64.37	-34.25	-0.01	-0.06	-0.10	
110	13.06	64.50	-34.13	0.01	-0.04	-0.09	
109	13.06	64.50	-34.13	-0.02	-0.03	-0.15	
109	13.00	64.44	-34.06	-0.03	-0.07	-0.17	
110	13.00	64.37	-34.00	0.02	-0.07	-0.10	
109	13.00	64.31	-33.88	0.03	-0.07	-0.07	
110	13.00	64.31	-33.88	0.03	-0.09	-0.07	
111	13.00	64.44	-33.94	0.02	-0.07	-0.14	
108	12.94	64.56	-33.88	0.01	-0.04	-0.12	
111	12.88	64.69	-33.88	0.01	-0.05	-0.06	
107	12.88	64.69	-33.88	-0.02	-0.03	-0.04	
110	12.94	64.56	-33.81	-0.02	-0.03	-0.06	
109	13.00	64.37	-33.81	-0.01	-0.04	-0.10	
110	13.06	64.25	-34.00	0.01	-0.04	-0.10	
109	13.06	64.19	-34.00	0.01	-0.04	-0.09	
110	13.00	64.19	-33.94	-0.01	-0.04	-0.04	
111	12.94	64.31	-33.75	-0.01	-0.05	-0.04	
109	12.75	64.44	-33.56	-0.00	-0.05	-0.11	
110	12.69	64.50	-33.44	0.03	-0.05	-0.11	
109	12.69	64.44	-33.31	0.06	-0.07	-0.07	
110	12.75	64.31	-33.13	0.04	-0.09	-0.05	
109	12.75	64.25	-33.13	0.04	-0.08	-0.05	
110	12.81	64.19	-33.25	0.03	-0.07	-0.15	
111	12.88	64.12	-33.31	-0.01	-0.06	-0.16	
109	12.88	64.12	-33.31	-0.00	-0.04	-0.05	
110	12.88	64.12	-33.31	0.02	-0.03	-0.04	
107	12.88	64.06	-33.38	0.03	-0.03	-0.02	
110	12.88	64.06	-33.38	0.01	-0.03	-0.02	
109	12.88	64.06	-33.38	0.01	-0.04	-0.10	
110	12.88	64.06	-33.38	0.00	-0.02	-0.15	
111	12.88	64.06	-33.38	-0.01	-0.01	-0.08	
111	12.88	64.06	-33.38	-0.01	-0.02	-0.03	
110	12.88	64.06	-33.38	0.01	-0.02	-0.08	
107	12.88	64.06	-33.38	0.02	-0.04	-0.16	
110	12.88	64.06	-33.38	0.01	-0.04	-0.14	
109	12.88	64.12	-33.44	0.02	-0.02	-0.09	
110	12.88	64.06	-33.44	0.03	-0.05	-0.06	
111	12.88	64.06	-33.38	0.02	-0.07	-0.10	
111	12.88	64.06	-33.38	-0.00	-0.08	-0.16	
108	12.88	64.00	-33.44	-0.00	-0.07	-0.14	
109	12.88	64.00	-33.44	0.02	-0.05	-0.07	
110	12.88	64.00	-33.38	0.04	-0.05	-0.07	
109	12.88	64.00	-33.38	0.02	-0.05	-0.13	
110	12.88	64.00	-33.38	0.00	-0.07	-0.12	
111	12.88	64.00	-33.38	0.01	-0.07	-0.08	
108	12.88	64.00	-33.38	0.01	-0.06	-0.06	
111	12.88	64.00	-33.38	0.00	-0.06	-0.07	
107	12.94	64.00	-33.38	0.02	-0.06	-0.06	
110	12.94	63.94	-33.38	0.03	-0.07	-0.08	
109	12.94	63.94	-33.38	0.02	-0.06	-0.13	
110	12.88	63.94	-33.38	0.03	-0.05	-0.11	
109	12.88	63.94	-33.38	0.04	-0.07	-0.08	
110	12.88	63.94	-33.38	0.03	-0.07	-0.13	
111	12.94	63.88	-33.44	0.02	-0.06	-0.14	
109	13.00	63.88	-33.56	0.02	-0.07	-0.12	
110	13.06	63.88	-33.56	0.03	-0.07	-0.07	
109	13.06	63.88	-33.56	0.02	-0.07	-0.05	
110	13.06	63.88	-33.63	-0.00	-0.06	-0.12	
109	13.06	63.94	-33.69	0.00	-0.05	-0.17	
110	13.06	63.94	-33.69	0.02	-0.06	-0.10	
111	13.06	63.94	-33.69	0.02	-0.08	-0.06	
107	13.06	63.94	-33.69	0.02	-0.09	-0.08	
110	13.06	63.94	-33.69	0.03	-0.09	-0.09	
109	13.06	63.94	-33.69	0.03	-0.08	-0.16	
110	13.06	63.94	-33.69	0.03	-0.07	-0.18	
109	13.06	63.94	-33.69	0.03	-0.08	-0.11	
110	13.06	63.94	-33.69	0.03	-0.08	-0.06	
111	13.06	63.94	-33.69	0.04	-0.08	-0.13	
109	13.06	63.94	-33.69	0.03	-0.07	-0.22	
110	13.06	63.94	-33.69	0.02	-0.08	-0.15	
109	13.06	63.94	-33.69	0.02	-0.09	-0.09	
110	13.06	63.94	-33.69	0.01	-0.07	-0.07	
109	13.06	63.94	-33.69	0.01	-0.06	-0.06	
110	13.06	63.94	-33.69	0.03	-0.06	-0.12	
111	13.06	63.94	-33.69	0.02	-0.06	-0.11	
109	13.06	63.94	-33.69	0.02	-0.07	-0.05	
110	13.06	63.94	-33.69	0.03	-0.08	-0.04	
109	13.06	63.94	-33.69	0.03	-0.09	-0.11	
110	13.06	63.94	-33.69	0.03	-0.09	-0.16	
109	13.06	63.94	-33.69	0.04	-0.08	-0.13	
110	13.06	63.94	-33.69	0.02	-0.09	-0.08	
111	13.06	63.94	-33.69	0.01	-0.10	-0.05	
109	13.06	63.94	-33.69	0.02	-0.09	-0.10	
110	13.06	63.94	-33.69	0.02	-0.10	-0.15	
107	13.06	63.94	-33.69	0.01	-0.12	-0.13	
110	13.06	63.94	-33.69	0.01	-0.12	-0.08	
109	13.06	63.94	-33.69	0.02	-0.11	-0.05	
110	13.06	63.88	-33.69	0.04	-0.07	-0.10	
111	13.13	63.88	-33.63	0.03	-0.09	-0.17	
111	13.13	63.88	-33.69	0.02	-0.12	-0.13	
110	13.13	63.88	-33.69	0.03	-0.11	-0.07	
107	13.13	63.88	-33.69	0.02	-0.11	-0.05	
110	13.13	63.88	-33.75	0.01	-0.11	-0.09	
109	13.13	63.88	-33.69	0.01	-0.10	-0.15	
110	13.13	63.94	-33.75	0.02	-0.08	-0.08	
111	13.19	63.94	-33.69	0.05	-0.10	-0.02	
108	13.19	64.00	-33.75	0.04	-0.12	-0.05	
111	13.25	63.88	-33.69	0.01	-0.12	-0.07	
109	13.31	63.88	-33.75	-0.04	-0.14	-0.08	
110	13.25	63.88	-33.75	-0.04	-0.13	-0.08	
109	13.25	63.88	-33.75	0.01	-0.10	-0.00	
110	13.25	63.88	-33.81	-0.01	-0.12	-0.00	
111	13.19	64.00	-33.69	-0.00	-0.16	-0.13	
108	13.19	63.94	-33.56	0.02	-0.16	-0.12	
111	13.19	63.94	-33.56	0.02	-0.14	-0.05	
107	13.19	64.00	-33.63	0.04	-0.13	-0.03	
110	13.19	64.00	-33.69	0.02	-0.14	-0.03	
109	13.19	63.94	-33.63	-0.01	-0.14	-0.02	
110	13.19	63.94	-33.63	-0.02	-0.14	-0.00	
109	13.19	63.88	-33.63	0.02	-0.13	-0.02	
110	13.19	63.94	-33.63	0.03	-0.14	-0.01	
111	13.19	64.00	-33.75	0.01	-0.15	-0.02	
109	13.25	64.00	-33.75	0.02	-0.16	-0.11	
110	13.25	64.00	-33.81	0.02	-0.15	-0.12	
109	13.31	64.00	-33.88	0.03	-0.14	-0.04	
110	13.38	63.94	-34.13	0.03	-0.12	0.02	
107	13.44	64.00	-34.25	-0.00	-0.11	0.02	
110	13.44	64.00	-34.25	-0.03	-0.12	-0.01	
111	13.44	64.00	-34.38	-0.02	-0.12	-0.01	
109	13.44	63.94	-34.38	0.01	-0.13	-0.01	
110	13.44	63.94	-34.38	0.01	-0.16	0.01	
109	13.44	64.00	-34.38	0.01	-0.17	0.02	
110	13.44	64.00	-34.38	0.03	-0.14	-0.05	
109	13.50	63.94	-34.44	0.01	-0.14	-0.09	
110	13.50	63.94	-34.50	0.00	-0.14	-0.04	
111	13.56	64.00	-34.63	0.01	-0.12	0.03	
109	13.56	64.12	-34.81	-0.00	-0.10	0.05	
108	13.56	64.19	-34.94	0.01	-0.09	0.02	
109	13.56	64.19	-34.94	0.01	-0.10	-0.06	
110	13.56	64.25	-35.00	0.00	-0.10	-0.08	
109	13.56	64.25	-35.00	0.00	-0.09	-0.02	
108	13.56	64.25	-35.06	-0.01	-0.08	-0.01	
109	13.69	64.12	-35.19	-0.01	-0.06	-0.03	
110	13.75	64.00	-35.13	-0.01	-0.13	-0.08	
111	13.94	63.69	-35.38	0.02	-0.26	-0.08	
109	17.00	59.75	-37.19	0.30	0.63	0.17	
108	23.37	51.75	-41.44	0.07	0.91	0.69	
107	25.81	48.44	-44.94	-0.27	0.45	0.35	
108	26.56	48.94	-47.38	0.07	0.11	-0.32	
109	28.00	47.19	-47.88	0.27	-0.85	0.52	
110	32.44	46.19	-51.13	0.00	-1.33	0.55	
109	32.50	47.44	-51.69	0.05	-0.31	0.26	
108	33.50	46.81	-52.44	-0.40	0.37	0.59	
109	33.44	46.88	-52.44	-0.97	-0.26	0.26	
111	32.00	49.13	-51.00	-0.32	-0.26	0.05	
110	30.81	50.81	-49.44	0.33	0.07	-0.06	
109	31.00	50.44	-49.56	0.48	-0.00	-0.00	
108	32.44	48.38	-51.38	0.40	-0.11	0.14	
107	34.94	44.50	-54.06	0.68	0.19	0.08	
108	38.31	40.56	-56.19	0.86	0.69	-0.31	
107	41.13	39.00	-56.81	0.11	0.59	-0.34	
110	40.63	40.38	-56.00	-0.54	0.03	-0.01	
111	40.00	41.63	-54.94	-0.39	-0.23	0.13	
108	39.44	41.88	-54.38	0.10	-0.24	0.17	
109	39.50	42.00	-54.31	0.13	-0.30	-0.05	
109	39.38	42.25	-54.13	-0.23	-0.26	-0.22	
110	39.00	42.75	-53.75	-0.20	-0.17	-0.07	
109	38.00	44.13	-52.69	-0.35	-0.99	-0.02	
108	36.81	45.81	-50.94	-0.51	-1.09	-0.04	
107	35.44	48.00	-49.63	-0.48	-0.17	-0.02	
110	32.69	50.88	-47.31	-0.67	-0.18	0.08	
109	29.62	53.75	-46.00	-0.05	-0.42	0.00	
110	29.31	54.13	-46.75	0.74	-0.06	-0.07	
109	31.81	51.88	-48.63	0.32	0.37	0.27	
109	32.94	51.38	-49.31	-0.40	-0.05	0.12	
108	32.50	51.94	-48.94	-0.05	-0.13	-0.03	
107	34.81	49.56	-50.69	0.53	0.26	0.18	
110	38.50	44.56	-54.31	0.19	-1.51	0.00	
109	42.00	40.31	-56.88	0.58	-1.09	-0.54	
108	43.81	37.50	-59.56	-0.25	0.03	-0.80	
107	43.06	36.38	-59.13	-1.23	-0.79	-0.26	
110	42.94	35.69	-58.88	0.20	-0.01	0.04	
111	40.19	37.63	-56.56	0.48	2.23	-2.08	
111	39.88	37.75	-55.50	-2.59	-14.03	-11.69	
108	41.00	40.44	-54.88	-1.73	-16.28	-9.93	
107	40.75	38.69	-55.81	1.32	-0.35	0.65	
108	40.81	35.50	-57.31	-0.32	-0.82	-0.37	
107	42.06	34.56	-58.88	-1.18	-0.68	-1.90	
110	42.19	34.75	-58.56	-0.62	-0.20	-0.80	
109	41.56	35.38	-57.56	-0.02	-0.04	-0.07	
108	41.31	35.19	-57.13	0.44	0.22	0.31	
107	41.13	35.50	-57.06	0.20	-0.18	0.26	
110	41.00	36.19	-56.69	-0.25	-0.36	0.07	
111	40.25	37.44	-55.94	-0.35	-0.15	-0.01	
109	39.31	39.00	-54.75	-0.64	-0.09	-0.37	
108	38.38	41.44	-52.38	-0.65	-0.19	-0.18	
107	37.56	43.00	-50.31	-0.01	-0.21	0.20	
108	36.88	44.94	-48.44	0.10	-0.20	0.07	
107	36.63	46.06	-47.81	0.50	-0.19	0.04	
110	42.19	37.50	-55.75	2.74	2.31	-1.24	
109	43.88	32.25	-58.75	-1.26	-0.50	-1.57	
108	40.31	38.94	-56.25	-5.11	-4.25	-0.03	
107	33.06	48.13	-48.81	-1.12	-0.31	-0.00	
108	31.81	50.25	-45.25	2.76	1.16	-0.84	
107	39.38	38.81	-55.81	5.20	1.65	-1.15	
110	46.88	28.25	-59.56	-1.14	1.44	-3.27	
111	39.69	29.56	-57.44	-5.80	-0.71	-3.51	
109	36.94	38.63	-51.63	-2.71	-1.22	-1.04	
108	31.87	47.56	-40.56	2.08	0.32	0.57	
109	32.31	42.75	-47.31	4.77	2.16	1.47	
110	41.75	29.56	-56.75	4.71	-2.15	1.05	
109	41.56	26.44	-51.81	-0.41	-7.40	-3.90	
108	34.75	24.62	-56.94	-4.02	-4.97	-5.64	
107	26.31	30.25	-59.56	-0.93	-4.71	-1.72	
110	15.94	40.19	-56.00	2.90	-6.83	-0.50	
111	24.50	34.69	-50.56	4.73	-4.36	-0.10	
109	31.81	26.37	-47.69	-3.90	0.01	2.18	
108	8.00	16.31	-76.25	-0.91	3.62	-9.48	
107	356.88	10.81	-50.63	0.77	0.22	-11.49	
110	346.06	14.56	-37.06	-4.84	-1.99	1.15	
107	339.69	16.75	-32.50	0.49	0.15	0.50	
110	338.00	15.75	-32.75	2.28	-0.26	-0.07	
109	337.63	10.75	-35.00	2.68	0.29	0.43	
108	338.19	-3.19	-40.00	-0.42	4.25	-1.54	
107	335.44	-9.94	-27.25	1.17	3.42	-3.06	
110	333.25	-11.13	-26.69	2.68	-1.65	-2.30	
111	334.44	-15.13	-33.81	-1.10	-7.37	-2.90	
109	336.69	-17.31	-30.81	-1.71	-7.95	-6.82	
108	338.69	-21.25	-29.31	7.24	-9.31	-7.74	
107	332.06	-21.94	-25.31	5.50	-5.77	-3.97	
108	330.06	-27.00	-29.50	-3.44	-4.45	-2.40	
109	331.25	-25.87	-20.81	1.38	-13.59	-11.99	
110	322.25	-14.13	-3.00	6.50	-4.85	4.46	
109	312.19	-36.38	1.69	6.45	3.32	9.33	
108	303.50	-55.69	25.50	2.02	1.69	-7.32	
109	312.06	-75.19	93.56	6.32	-11.88	-4.48	
110	316.19	-64.25	98.37	-4.33	-20.73	-2.31	
111	342.38	-48.69	85.62	-10.08	-5.88	-1.50	
109	351.50	-49.94	67.25	2.43	4.29	-2.23	
108	335.63	-63.00	36.81	9.23	0.17	-2.96	
107	291.56	-52.50	-9.50	-4.48	1.79	9.29	
110	324.88	-61.94	32.44	-8.72	4.89	9.73	
109	346.88	-58.63	57.88	7.97	1.73	-3.90	
110	330.69	-69.25	55.69	10.32	-2.55	-5.44	
109	307.38	-70.12	49.94	4.30	-1.52	-6.27	
108	335.00	-49.88	100.06	-2.16	2.85	-4.88	
109	302.13	-86.12	176.63	19.23	-14.35	-4.45	
107	325.00	-55.56	86.56	24.72	-12.14	-9.13	
110	350.44	-19.06	82.06	6.18	7.11	-7.61	
109	12.69	10.25	85.56	2.10	7.91	-1.47	
108	23.19	17.25	68.37	-6.04	11.78	-3.48	
107	11.88	3.44	44.81	-6.34	10.51	-2.20	
110	2.56	-4.06	37.63	-1.57	3.44	4.29	
109	353.38	-17.25	30.94	-0.14	2.66	0.78	
110	341.50	-21.25	35.44	-2.35	1.72	0.04	
109	334.69	-30.12	43.81	-5.98	-0.75	1.17	
109	325.56	-38.44	49.13	-3.14	-1.31	-4.98	
108	313.19	-43.88	42.94	4.67	-8.62	0.53	
107	301.06	-47.44	13.63	10.30	-12.27	2.34	
110	304.50	-36.38	-5.69	7.56	-5.47	1.20	
109	311.31	-36.44	-6.44	3.08	-1.91	2.46	
108	318.50	-37.44	2.94	0.38	-1.52	0.70	
107	321.06	-38.06	11.19	-0.60	-1.20	1.02	
110	324.25	-36.00	18.19	-1.11	-1.10	0.32	
111	328.81	-35.88	23.44	-1.17	-0.50	-0.25	
111	333.13	-33.63	25.87	-0.49	0.08	0.25	
108	336.69	-34.19	24.69	-0.06	0.35	0.57	
107	337.75	-34.00	22.69	0.08	0.72	0.37	
108	336.81	-34.00	23.37	0.39	0.44	0.66	
107	334.56	-32.13	19.44	0.38	0.06	0.64	
110	330.88	-33.06	15.63	0.18	-0.09	0.21	
109	325.88	-33.81	13.19	0.07	-0.49	0.12	
108	322.38	-34.31	12.44	0.12	-1.08	-0.01	
107	323.50	-33.56	15.63	0.05	-0.98	0.04	
110	326.38	-32.69	17.00	-0.29	-0.28	0.10	
111	330.56	-32.31	18.25	-0.49	0.03	-0.08	
111	334.63	-31.81	19.62	-0.53	0.09	-0.02	
108	337.69	-31.56	20.62	-0.41	0.13	-0.09	
107	338.38	-31.75	21.19	-0.30	0.17	-0.25	
108	337.19	-32.06	21.56	-0.22	0.17	-0.21	
107	334.75	-32.50	21.37	-0.05	0.15	-0.09	
110	331.06	-33.25	20.19	0.04	0.10	-0.05	
107	328.06	-33.81	19.19	0.08	0.03	-0.06	
108	325.81	-34.19	18.62	0.12	-0.09	-0.08	
107	325.06	-34.31	18.62	0.14	-0.17	-0.12	
108	325.81	-34.00	19.44	0.12	-0.13	-0.17	
107	327.50	-33.50	20.37	0.03	-0.09	-0.20	
110	330.06	-33.00	21.25	-0.14	-0.01	-0.18	
111	332.75	-32.50	21.87	-0.17	0.08	-0.10	
109	334.31	-32.06	22.25	-0.05	0.10	-0.02	
108	334.63	-31.94	22.50	-0.00	0.14	-0.09	
109	333.69	-32.06	22.62	-0.01	0.20	-0.11	
110	332.13	-32.44	22.56	-0.09	0.18	-0.09	
109	330.88	-33.00	22.00	-0.17	0.13	-0.14	
108	330.13	-33.31	21.12	-0.09	0.06	-0.12	
107	329.75	-33.56	20.37	0.03	-0.07	-0.08	
108	329.44	-33.69	19.75	0.06	-0.13	-0.14	
107	329.00	-33.69	19.50	0.07	-0.09	-0.14	
110	329.06	-33.56	19.62	0.10	-0.06	-0.04	
109	329.38	-33.50	19.87	0.11	-0.01	-0.03	
109	329.88	-33.44	20.19	0.04	0.04	-0.06	
108	330.44	-33.38	20.56	-0.04	0.08	-0.09	
109	330.94	-33.19	20.56	-0.06	0.09	-0.13	
110	331.25	-33.13	20.37	-0.03	0.09	-0.12	
109	331.19	-33.13	20.25	0.01	0.10	-0.08	
108	330.88	-33.19	20.19	0.02	0.06	-0.06	
107	330.25	-33.31	20.25	0.01	0.01	-0.07	
108	329.69	-33.50	20.25	0.02	-0.01	-0.12	
107	329.31	-33.63	20.19	0.02	0.03	-0.17	
110	329.31	-33.63	20.37	-0.05	0.00	-0.11	
111	329.56	-33.56	20.19	-0.06	-0.02	-0.06	
109	330.06	-33.44	20.00	-0.04	0.04	-0.10	
108	330.94	-33.38	19.62	-0.07	0.08	-0.12	
109	331.56	-33.38	19.06	-0.09	0.11	-0.15	
110	331.81	-33.50	18.50	-0.05	0.08	-0.12	
109	331.44	-33.69	18.00	0.02	0.04	-0.09	
108	330.69	-33.94	17.75	0.06	-0.05	-0.12	
107	329.56	-34.19	17.81	0.08	-0.10	-0.10	
108	328.56	-34.25	18.37	0.16	-0.05	-0.10	
107	328.13	-34.06	19.44	0.21	-0.01	-0.10	
110	328.38	-33.81	20.81	0.10	0.01	-0.02	
111	329.81	-33.25	21.87	-0.09	0.09	0.00	
107	331.75	-32.88	22.56	-0.20	0.17	-0.09	
108	334.19	-32.69	22.94	-0.24	0.14	-0.10	
109	336.38	-32.69	22.75	-0.26	0.05	-0.10	
110	337.38	-32.69	22.06	-0.22	0.04	-0.17	
109	337.25	-32.94	21.06	-0.07	0.05	-0.11	
108	336.00	-33.63	19.62	-0.00	0.06	-0.06	
107	334.19	-34.13	18.44	0.04	0.08	-0.03	
108	332.31	-34.56	17.56	0.08	-0.04	-0.04	
107	331.13	-35.06	16.44	0.06	-0.09	-0.14	
110	330.63	-35.50	14.94	-0.02	-0.01	-0.19	
111	330.94	-35.63	13.63	-0.11	0.03	-0.13	
107	332.19	-35.94	11.81	-0.14	0.08	-0.08	
108	333.75	-36.13	10.31	0.08	-0.05	-0.04	
109	335.25	-35.94	10.44	0.34	-0.25	-0.04	
110	336.00	-36.06	10.00	0.22	-0.06	-0.11	
109	336.19	-36.31	9.69	0.15	0.13	-0.15	
108	335.50	-36.19	10.44	0.15	-0.06	-0.08	
107	334.69	-36.25	10.31	-0.03	-0.10	-0.06	
108	334.00	-36.19	10.00	-0.02	0.02	-0.20	
111	333.00	-36.19	10.50	0.11	0.01	-0.26	
108	331.50	-36.06	11.00	0.07	0.04	-0.12	
111	330.13	-36.00	11.56	0.03	0.14	-0.04	
107	329.25	-35.75	12.19	0.11	0.19	0.00	
108	329.44	-35.50	12.56	0.10	0.21	0.02	
109	330.44	-35.31	12.63	-0.03	0.24	-0.16	
110	332.06	-35.06	13.06	-0.11	0.13	-0.22	
109	333.25	-35.06	13.25	-0.13	-0.05	-0.16	
108	332.31	-35.13	13.13	-0.07	-0.13	-0.14	
107	331.19	-35.19	12.94	-0.04	-0.19	-0.14	
108	330.13	-35.38	12.69	-0.02	-0.13	-0.21	
111	329.13	-35.38	13.00	0.04	-0.06	-0.18	
108	328.88	-35.25	13.63	0.10	-0.05	-0.06	
111	329.06	-35.13	14.31	0.11	0.05	-0.04	
107	329.38	-35.00	14.69	0.13	0.17	-0.03	
108	329.50	-34.69	15.56	0.14	0.16	-0.04	
109	329.44	-34.38	16.69	0.10	0.09	-0.04	
110	329.38	-34.31	17.25	0.04	0.13	-0.07	
109	329.31	-34.13	17.69	-0.03	0.18	-0.04	
108	329.56	-34.00	18.00	-0.08	0.14	-0.00	
107	329.69	-33.88	18.12	-0.08	0.09	-0.04	
108	331.50	-35.25	16.94	3.96	-0.89	-10.83	
111	328.88	-21.06	5.81	8.59	0.23	-15.47	
109	326.94	-18.69	-3.56	4.20	2.28	-4.98	
110	326.50	-13.94	-5.75	-0.62	1.50	1.24	
107	326.81	-6.06	-5.75	0.75	-0.10	3.57	
108	327.88	-5.56	-4.25	-0.61	-1.27	2.03	
109	325.88	-5.50	-4.19	-2.55	-0.48	-6.05	
110	325.75	-6.69	-4.13	-2.54	0.51	-11.30	
109	326.81	-12.56	-1.00	-5.71	-3.92	-9.38	
108	320.00	-3.06	5.69	-2.95	-2.98	-4.93	
109	319.19	-3.50	20.75	2.17	2.09	-1.62	
111	318.63	-11.19	34.50	2.23	3.11	-2.54	
110	318.56	-5.56	45.19	1.80	0.11	-0.56	
109	312.31	-7.63	41.44	1.56	-3.90	1.76	
108	302.31	-8.88	25.37	0.85	-2.98	-0.31	
107	305.75	2.19	14.19	-5.36	0.71	-0.10	
108	306.19	18.19	-4.38	-6.78	1.75	0.72	
109	311.38	27.25	-26.69	-1.78	-0.70	-0.96	
110	315.19	28.00	-34.25	-0.45	-0.19	-2.23	
111	314.56	24.06	-31.12	-0.47	0.45	-1.32	
108	315.50	18.94	-25.56	0.01	-0.09	-0.03	
109	315.19	14.69	-19.69	0.10	0.01	-0.29	
109	315.25	12.38	-15.81	0.13	0.10	0.02	
110	315.13	13.50	-16.87	0.13	0.01	0.17	
109	315.00	14.31	-17.81	-0.06	0.18	-0.20	
108	315.19	14.69	-18.25	0.01	0.01	-0.44	
107	315.25	14.38	-18.06	-0.16	-0.13	-0.40	
108	315.06	13.56	-17.50	-0.15	0.02	-0.14	
107	314.88	12.75	-17.00	-0.44	-0.05	-0.21	
110	314.69	12.63	-17.31	-0.25	0.04	-0.22	
111	314.56	12.81	-17.50	0.07	0.12	-0.15	
109	314.56	13.00	-17.56	-0.17	0.08	-0.05	
108	314.56	13.19	-17.62	-0.15	0.17	0.04	
109	314.31	13.31	-17.69	-0.12	0.19	0.04	
110	314.50	13.19	-17.81	-0.16	0.19	-0.02	
109	315.00	13.44	-18.19	-0.16	0.11	0.30	
108	314.06	14.31	-20.00	-0.74	0.94	0.58	
107	313.63	16.12	-22.69	-0.52	0.99	0.43	
110	312.31	18.12	-25.50	-0.92	0.41	0.53	
111	310.69	21.81	-31.25	-0.11	1.50	-0.88	
109	311.38	22.12	-30.25	0.41	1.05	-1.05	
108	310.38	21.25	-29.44	-0.03	-0.44	-1.04	
107	310.44	24.00	-32.25	0.31	0.25	-1.59	
108	311.13	21.69	-29.19	-0.69	-0.25	0.10	
109	310.63	20.56	-26.87	-0.75	-0.41	0.46	
110	311.00	22.56	-30.69	-0.36	0.71	-0.70	
109	311.38	21.31	-28.00	-0.43	0.12	-0.36	
108	311.25	21.12	-26.50	0.13	0.52	0.69	
107	310.31	23.87	-29.81	-0.33	1.82	-0.87	
110	309.94	25.12	-29.31	-1.48	0.72	-1.95	
111	309.50	25.87	-26.50	-1.99	-2.05	0.21	
109	306.94	28.56	-24.69	-2.00	-3.15	0.40	
108	306.94	29.81	-16.19	-0.60	-3.95	1.64	
107	307.06	30.62	-13.75	1.03	-0.64	2.94	
108	306.50	29.12	-12.38	1.76	-2.97	-0.44	
107	309.56	28.94	-9.75	1.16	-5.74	2.53	
110	310.38	31.19	-14.06	-0.06	-0.43	4.13	
109	311.38	29.25	-11.69	-0.04	-1.47	-0.83	
108	314.13	30.06	-6.00	1.69	-4.58	-1.40	
107	317.69	30.44	1.56	-0.77	-1.81	1.84	
108	318.19	30.50	7.94	-0.58	-2.10	1.10	
107	318.44	29.56	3.38	1.08	0.96	-3.01	
110	320.31	32.31	0.00	-0.70	4.24	-1.24	
111	320.94	31.19	3.88	1.03	-3.51	0.15	
107	321.31	33.56	-3.44	4.78	-5.56	-1.60	
108	326.00	33.63	-0.69	4.91	-1.33	1.36	
109	324.63	32.19	-2.63	0.49	-2.39	0.15	
110	323.06	38.94	-7.38	3.47	1.44	-3.04	
109	325.56	36.63	-5.13	5.74	2.97	-1.57	
108	326.75	39.50	-10.56	1.37	-1.74	-0.09	
107	326.56	38.00	-9.63	-0.15	-0.11	0.60	
108	326.94	36.81	-8.00	-0.68	-0.47	-0.25	
107	326.88	38.31	-9.19	-0.53	-0.59	0.33	
110	326.56	39.31	-11.06	-0.17	0.17	0.38	
111	327.06	40.56	-13.69	0.04	0.00	-0.43	
107	329.31	37.56	-15.31	0.49	1.11	-1.05	
108	330.06	38.56	-16.81	0.34	0.74	-1.12	
109	329.63	39.25	-17.44	0.14	0.23	0.10	
110	330.69	36.56	-12.81	-0.43	-1.36	0.43	
109	329.31	39.50	-16.31	-0.64	-0.11	3.03	
108	329.13	39.63	-19.44	0.22	2.60	3.03	
107	330.44	35.00	-10.31	0.64	-0.84	-0.72	
108	328.81	38.50	-12.94	1.00	-0.30	1.63	
111	327.00	40.00	-15.63	1.53	2.00	1.60	
108	327.25	36.88	-11.38	0.42	1.35	-1.02	
111	326.88	34.69	-10.69	-1.36	0.30	-1.04	
107	326.00	41.25	-17.19	-0.66	1.92	-0.88	
108	328.13	35.13	-8.69	-0.32	2.27	-1.04	
109	325.31	36.06	-10.44	-0.33	-1.48	-0.77	
110	312.25	50.06	-16.69	2.21	-2.93	3.96	
109	315.31	42.00	-11.81	-0.42	-9.54	0.16	
108	302.75	53.06	-14.56	9.65	-1.72	0.67	
107	304.44	53.38	-21.37	9.77	3.08	3.76	
108	301.81	53.50	-17.87	0.45	1.54	-0.40	
111	301.19	55.94	-25.06	6.95	5.73	0.75	
108	305.88	48.44	-14.63	-1.19	1.04	-0.79	
111	299.50	58.31	-25.87	-4.42	2.33	-0.82	
107	302.38	54.13	-22.31	-2.87	-0.14	-0.21	
108	298.19	58.94	-26.69	0.17	0.08	0.40	
109	302.19	55.00	-23.19	0.22	-2.03	0.57	
110	295.44	62.31	-32.63	1.12	-2.02	-0.73	
109	297.69	60.56	-35.13	3.24	-1.10	0.21	
108	295.63	60.69	-27.81	3.11	0.21	0.10	
107	295.56	63.06	-38.50	2.90	2.23	-1.45	
108	297.69	58.13	-21.87	-3.74	-1.91	-1.81	
111	293.00	65.87	-43.19	-0.02	1.55	-1.05	
109	297.19	58.50	-28.06	1.22	1.23	-1.07	
110	300.38	52.56	-11.88	-1.98	-1.27	-0.22	
107	296.38	59.25	-21.00	-1.73	-1.15	0.98	
108	292.81	67.06	-45.81	-0.27	-0.70	-1.27	
109	294.38	65.00	-47.31	1.88	1.22	-3.74	
110	298.69	58.50	-28.31	1.69	1.79	-1.01	
109	302.00	50.00	-9.69	-0.75	-0.28	1.32	
108	301.75	46.69	-2.00	-2.24	-2.76	-0.00	
109	297.25	55.31	-11.38	-1.71	-2.11	-1.00	
111	293.44	65.69	-35.31	1.50	1.44	-1.75	
110	294.75	63.81	-38.63	2.12	2.45	-3.14	
109	299.25	55.38	-22.12	0.39	1.43	0.00	
108	300.88	48.44	-6.69	-3.17	0.24	1.48	
107	294.94	59.00	-18.19	-2.89	1.30	1.13	
108	289.38	69.37	-58.38	2.30	3.49	-1.62	
109	292.75	66.12	-54.06	2.70	0.70	-2.98	
110	298.88	56.44	-26.56	0.04	-1.74	0.77	
111	299.81	50.69	-8.31	-4.33	-2.07	-0.19	
109	292.38	65.62	-37.19	-3.58	-1.60	1.78	
110	289.94	68.69	-68.37	1.48	1.75	-4.31	
107	297.06	63.44	-46.06	-0.09	2.96	-4.31	
110	299.75	53.88	-15.81	-5.51	-2.07	3.80	
109	291.31	63.38	-34.19	-1.96	-4.75	-0.31	
108	291.19	68.06	-58.19	4.37	1.52	-6.15	
107	298.63	59.81	-34.88	2.49	2.46	-3.91	
110	300.75	52.31	-12.06	-3.64	-2.01	2.26	
111	294.25	62.81	-30.00	-2.34	-0.77	1.08	
111	294.75	63.75	-35.25	0.78	0.90	-0.02	
108	299.19	56.63	-21.62	-0.60	-0.07	0.51	
107	298.94	54.63	-12.69	-0.45	-0.33	-0.02	
108	294.50	62.94	-29.62	-0.72	0.30	-1.19	
107	294.44	64.75	-38.00	-0.29	-0.02	-1.73	
110	295.56	64.00	-38.81	-0.24	-0.80	-0.26	
109	294.63	65.75	-47.94	0.77	0.46	-0.44	
108	295.63	64.06	-42.00	0.81	0.87	-0.71	
107	296.00	62.94	-36.44	-0.28	0.51	0.20	
110	295.44	63.75	-37.31	0.92	1.75	-0.37	
111	297.13	59.88	-26.56	1.84	1.82	-0.40	
109	298.75	55.75	-15.13	-5.54	-2.72	0.18	
108	292.00	68.37	-52.06	-1.84	-0.23	-0.23	
107	294.69	67.06	-54.19	2.38	0.63	1.72	
108	293.25	63.50	-37.56	4.35	-1.09	2.22	
109	292.31	66.94	-73.37	9.76	2.77	-7.54	
110	301.44	62.19	-42.56	-4.77	-3.86	-1.30	
109	292.69	68.75	-67.69	-3.46	-9.36	12.20	
108	288.56	67.37	-97.56	6.27	-3.63	-4.85	
107	295.81	65.87	-68.12	-1.26	-2.63	-8.47	
110	292.94	67.56	-66.75	-3.76	-6.08	4.08	
111	287.81	66.25	-105.69	-0.59	-3.79	4.62	
109	288.88	63.94	-114.87	-0.21	-1.06	2.45	
108	287.88	61.69	-122.37	-0.59	-1.47	-2.22	
107	285.88	58.88	-130.31	1.76	-0.58	-1.29	
108	278.13	54.31	-146.81	1.12	-2.04	2.96	
107	274.63	51.63	-150.94	-0.09	-0.69	-0.18	
110	276.44	52.88	-148.50	-0.31	2.20	-5.80	
109	280.94	58.69	-136.38	-2.16	-0.32	-5.12	
108	282.38	66.81	-115.62	-3.69	-1.38	-4.63	
107	286.63	71.69	-60.63	-3.15	-3.82	-0.55	
110	282.75	73.12	-12.44	-4.86	-4.02	4.42	
111	260.81	80.44	27.25	6.91	-0.05	-3.29	
109	259.56	71.06	45.44	11.35	-1.48	-7.36	
108	259.19	65.75	49.69	-2.31	0.39	-1.80	
107	261.50	64.31	40.19	7.31	5.26	1.06	
108	258.06	68.12	43.19	12.02	2.72	1.26	
109	257.50	68.06	50.81	1.29	0.61	0.34	
110	258.69	68.87	50.69	-2.63	-0.18	1.30	
109	253.88	64.44	50.44	4.28	0.19	1.83	
108	254.19	59.38	56.06	10.55	1.08	-0.00	
107	255.44	59.63	58.50	3.01	-0.56	-0.39	
108	254.69	60.56	60.06	-0.02	-2.14	0.20	
109	253.25	60.19	66.25	-0.32	1.28	0.43	
108	256.31	62.19	62.75	-1.21	-2.30	3.54	
109	252.06	62.50	69.37	3.94	-7.43	3.47	
107	247.63	57.06	78.81	-0.45	2.91	2.72	
108	260.44	69.75	93.50	-5.85	11.75	7.62	
109	270.38	74.69	118.25	-3.33	10.12	8.98	
110	297.94	79.94	-142.19	7.87	-0.30	6.09	
109	342.88	45.50	-84.25	6.54	-7.26	6.76	
108	6.56	26.06	-73.06	-4.09	-5.32	6.39	
107	339.19	66.19	-55.75	-1.45	-2.66	2.80	
108	310.25	77.12	95.62	2.92	1.17	0.51	
111	316.69	74.69	124.06	7.78	4.04	0.96	
111	329.38	74.00	88.94	1.23	4.54	-0.70	
108	337.56	72.00	100.50	-8.58	3.42	-1.57	
107	352.56	75.69	127.94	-3.96	2.88	-0.07	
108	354.63	70.44	123.56	-2.07	2.22	-0.03	
109	355.56	65.62	126.37	-7.19	1.62	0.66	
110	346.81	58.00	128.63	-6.99	1.54	-1.44	
109	331.19	46.75	128.75	-5.44	2.06	0.02	
108	325.25	43.69	123.87	-1.92	1.63	-0.44	
107	335.19	42.56	133.44	-1.35	1.50	-5.34	
108	349.25	41.44	146.81	-2.84	1.66	-7.09	
111	49.63	34.56	164.50	-2.38	0.22	-10.31	
108	46.81	23.81	178.25	-0.93	-1.45	-11.61	
111	44.63	9.25	-171.63	1.03	-2.88	-10.59	
107	65.62	20.37	169.69	0.28	2.09	-2.07	
108	355.69	30.06	134.06	-1.63	5.16	6.19	
109	11.19	34.63	122.81	1.84	-2.08	1.14	
110	56.81	50.13	152.69	2.53	-4.18	3.60	
109	110.94	56.63	-166.13	-3.09	-1.71	0.30	
108	165.56	48.06	-115.94	-5.20	-5.33	-4.94	
107	199.75	21.94	-94.87	-4.73	-7.74	-1.29	
108	239.13	2.13	-82.12	-1.68	-8.04	0.42	
109	264.44	8.69	-63.00	0.35	-7.65	6.70	
111	255.88	48.63	-17.37	2.16	-2.07	8.25	
110	234.13	48.44	49.19	3.34	3.86	5.52	
107	228.44	44.81	62.38	-0.60	2.70	3.53	
110	236.88	49.06	46.31	-1.78	1.03	0.69	
109	246.38	45.25	25.87	1.42	1.16	-2.37	
110	247.69	47.06	18.75	1.96	-1.95	-5.02	
111	237.56	57.56	21.00	1.68	-0.16	-1.50	
108	229.50	72.56	33.94	2.17	2.37	4.64	
109	227.50	79.12	26.44	-0.27	4.15	2.29	
109	235.69	69.62	-35.06	-1.24	5.46	-0.53	
110	247.44	53.94	-65.81	0.72	3.30	-1.13	
109	261.13	35.88	-85.56	1.34	1.56	-0.31	
108	268.63	15.38	-94.87	1.05	-1.96	1.62	
107	265.06	4.94	-102.25	1.30	-4.02	1.22	
108	274.31	-1.56	-107.00	-2.76	-3.46	-0.15	
107	271.94	-5.19	-116.94	-3.30	0.22	-0.47	
110	80.87	-7.19	-139.13	-0.05	0.02	0.16	
111	82.75	-8.13	-156.00	-0.50	-2.35	-0.03	
109	81.94	-12.63	-163.38	-0.48	-1.72	1.16	
108	78.31	-17.50	-165.50	-0.79	-1.31	1.11	
109	76.44	-20.50	-167.94	0.11	-1.05	0.36	
110	74.62	-23.81	-164.19	0.23	-1.28	0.42	
109	73.94	-25.50	-163.00	-0.39	-0.87	-0.34	
108	73.25	-27.44	-166.19	-0.05	-1.03	0.06	
107	73.06	-31.06	-166.63	-0.11	-1.26	0.91	
110	72.44	-29.75	-165.94	-0.22	-1.12	0.97	
111	71.50	-25.37	-166.94	-0.07	-1.30	0.59	
109	71.62	-30.31	-167.81	-0.05	-1.17	-0.26	
108	70.37	-29.37	-165.88	0.03	-0.94	-0.75	
107	69.94	-28.50	-166.06	0.11	-1.21	-0.19	
108	70.12	-29.19	-165.06	0.05	-1.16	0.17	
109	69.31	-29.81	-167.50	0.08	-0.77	0.21	
110	68.62	-30.44	-168.81	0.08	-0.52	0.31	
