Orientation Sensor Raw Data Test

Current Temperature: 31 C

Calibration status values: 0=uncalibrated, 3=fully calibrated
time	eul_z	eul_y	eul_x	linA_x	linA_y	linA_z	cal_sys	cal_gyr	cal_acc	cal_mag
1161	0.00	0.00	0.00	0.00	0.00	0.00	
135	0.00	0.00	0.00	0.00	0.00	0.00	
107	0.00	0.00	0.00	0.00	0.00	0.00	
108	0.00	0.00	0.00	0.00	0.00	0.00	
107	0.00	0.00	0.00	0.00	0.00	0.00	
110	17.44	-1.75	5.50	-0.81	1.52	-6.39	
109	34.44	12.63	-8.06	-6.51	-0.10	-13.21	
110	56.50	26.00	-26.69	-14.44	-7.81	-8.74	
109	65.62	40.88	-52.06	-14.70	-18.89	3.23	
108	41.44	48.19	-81.50	2.96	-16.53	1.31	
109	36.88	27.56	-77.62	5.14	-13.65	-10.30	
111	54.81	-4.81	-69.94	-22.85	-27.16	-11.80	
110	63.88	2.63	-75.25	-20.91	-25.63	-2.88	
109	71.87	12.25	-95.25	8.34	-12.05	9.76	
110	93.87	-12.63	-107.56	13.50	-15.17	12.21	
107	244.25	-33.00	-122.06	0.18	-18.86	7.50	
108	263.19	-45.50	-128.50	0.09	-13.15	12.88	
107	275.88	-48.63	-144.75	9.15	-10.79	16.67	
110	288.56	-51.13	-162.81	10.87	-8.18	10.86	
111	295.56	-56.00	-177.63	-0.88	-11.65	12.39	
109	306.44	-74.19	-174.69	3.33	-13.89	21.21	
108	339.25	-61.69	166.31	27.06	-7.81	13.21	
107	46.94	-27.75	135.38	25.40	-4.29	-4.84	
110	69.25	-2.38	133.88	5.98	-8.29	-2.45	
109	235.25	6.44	160.25	-8.80	-19.65	15.77	
110	241.69	-4.63	169.13	-5.25	-21.32	21.04	
109	253.94	-20.31	174.25	8.36	-12.24	19.76	
108	248.25	-12.69	173.31	7.75	-7.76	19.28	
109	243.63	-5.69	174.00	3.37	-6.29	15.56	
108	239.81	1.00	177.75	0.96	-8.20	17.67	
111	239.38	1.31	174.69	-0.55	-11.69	14.93	
109	235.31	-16.06	160.13	0.56	-8.81	7.44	
110	251.50	-24.06	-169.13	6.77	-10.28	15.37	
109	255.31	-11.75	-162.88	8.60	-18.63	23.35	
108	256.88	-3.94	167.13	0.36	-20.61	11.10	
109	274.38	-12.38	145.06	-1.12	-4.24	-2.72	
108	283.69	-25.50	163.38	2.68	5.31	0.66	
109	285.88	-27.50	-167.19	3.46	-11.11	17.06	
110	290.06	-25.00	-150.63	1.40	-24.60	26.32	
111	301.38	-14.56	-160.06	-2.30	-28.19	18.73	
109	331.44	-10.75	-178.75	1.33	-11.69	6.35	
110	349.31	-12.13	179.63	3.04	4.83	-2.64	
109	1.44	-32.25	-155.81	5.08	-5.50	-3.56	
110	263.38	-36.50	-108.81	13.37	-18.42	12.80	
111	250.50	-33.25	-88.44	10.36	-21.22	19.28	
108	255.44	-35.31	-80.50	6.44	-18.67	9.79	
111	259.56	-34.25	-73.00	5.93	-17.30	6.88	
109	255.00	-25.50	-69.75	6.00	-19.21	9.22	
108	251.50	-16.87	-74.62	6.80	-17.77	5.77	
109	252.19	-13.19	-81.62	6.97	-14.15	2.62	
108	245.81	-10.88	-81.44	4.29	-14.58	3.93	
107	248.81	-12.63	-82.94	4.03	-15.72	7.88	
108	253.69	-18.00	-89.19	3.40	-15.75	10.95	
109	249.81	-17.62	-96.50	-2.16	-17.87	5.16	
110	239.56	-3.88	-83.56	4.52	-15.70	-4.78	
111	259.25	-14.31	-57.56	16.34	-19.43	2.97	
107	281.13	-42.88	-46.38	15.04	-30.59	14.15	
108	292.75	-64.81	-83.37	10.19	-27.67	8.29	
107	296.19	-57.44	-127.69	10.32	-16.42	3.90	
110	302.88	-46.13	-139.94	9.91	-8.85	6.25	
109	272.06	-25.50	-135.31	7.81	-4.83	4.28	
110	268.63	-18.94	-119.25	9.88	-2.97	3.91	
107	278.50	-19.56	-97.87	14.68	-11.35	10.66	
108	280.81	-21.06	-84.87	10.63	-16.51	4.98	
107	282.50	-17.12	-58.19	5.77	-23.28	7.38	
110	264.81	-1.69	-61.25	4.33	-28.14	10.45	
111	248.38	13.75	-81.37	4.48	-19.19	2.21	
109	238.75	16.37	-89.87	5.28	-12.92	1.13	
108	245.94	3.06	-85.37	6.37	-12.23	7.41	
107	267.19	-21.50	-92.56	0.23	-22.60	14.58	
108	281.75	-22.94	-109.06	-5.38	-26.72	11.61	
109	273.13	-2.75	-127.56	9.88	-14.10	12.04	
110	91.00	16.44	-143.06	21.65	0.06	5.63	
109	229.19	3.63	-126.25	18.43	-7.11	-1.43	
108	264.81	-33.88	-114.56	13.40	-27.22	11.45	
111	272.69	-52.44	-135.44	3.29	-32.79	22.54	
109	332.94	-42.06	-163.81	-3.08	-20.11	14.65	
110	352.19	-37.50	-174.88	1.50	-0.79	3.85	
109	356.31	-38.31	-171.56	5.50	5.08	0.66	
110	303.44	-53.38	-145.38	9.25	-5.47	3.95	
107	276.00	-58.31	-77.94	14.70	-21.39	7.27	
108	265.69	-34.94	-41.94	26.98	-21.78	19.63	
109	270.38	-45.75	-58.19	23.48	-22.89	18.76	
110	284.56	-51.38	-108.44	8.97	-22.66	-2.45	
111	284.75	-44.63	-119.75	7.13	-12.66	-8.26	
109	270.88	-37.25	-90.50	6.91	-15.33	-2.21	
108	253.69	-19.62	-58.31	7.03	-26.12	5.36	
107	239.25	6.31	-49.56	4.71	-28.32	9.10	
108	222.31	24.19	-60.44	-1.31	-22.76	6.20	
109	203.81	36.63	-89.81	-3.49	-15.95	3.98	
110	189.69	34.06	-99.94	0.08	-8.35	3.71	
109	189.81	19.69	-95.06	0.42	-8.79	0.28	
108	218.31	-10.88	-89.31	-0.54	-20.02	5.04	
107	233.25	-30.62	-91.56	0.31	-26.44	9.04	
108	248.25	-42.31	-100.44	3.41	-22.17	11.60	
111	253.63	-43.06	-123.44	4.25	-19.08	15.15	
109	268.75	-35.25	-147.31	3.30	-18.78	17.76	
110	358.69	-21.12	-167.25	2.57	-10.29	13.67	
107	5.38	-14.13	-170.94	0.71	0.93	2.03	
108	3.56	-26.31	-164.25	0.81	0.09	11.39	
107	357.56	-32.19	-161.31	1.65	-4.53	22.94	
110	356.19	-34.25	-161.31	1.77	-4.68	19.79	
109	355.75	-35.25	-161.88	2.05	-2.86	17.95	
110	357.25	-36.38	-162.00	2.27	-3.19	16.42	
109	319.63	-42.00	-159.56	4.15	-2.26	15.66	
108	320.13	-45.94	-153.69	6.16	-2.41	16.38	
111	322.63	-48.50	-145.94	6.40	-3.57	17.22	
109	336.63	-48.56	-145.75	21.40	3.71	20.92	
110	357.00	-29.37	-171.44	26.91	3.72	3.44	
109	314.50	-37.06	178.94	6.22	-13.32	8.90	
108	312.75	-29.12	176.88	-5.98	-20.90	25.71	
107	341.94	-33.56	177.31	2.56	-3.95	8.55	
110	354.56	-42.19	-169.50	13.92	9.38	6.23	
111	321.38	-53.69	-170.38	14.57	0.78	24.23	
109	319.69	-37.06	176.94	3.36	-18.14	30.26	
110	348.25	-19.37	178.88	3.52	-14.82	3.00	
107	318.63	-41.69	-150.88	20.14	-1.35	4.42	
108	307.06	-43.50	-133.31	18.04	-4.20	27.22	
107	304.81	-37.69	-143.56	9.59	-5.12	12.10	
110	295.00	-43.63	-130.38	15.71	-5.38	-6.78	
109	299.63	-73.12	-42.25	23.79	-20.18	13.54	
110	311.38	-82.31	147.50	20.43	-21.43	27.24	
111	340.25	-58.44	155.56	12.57	-12.55	12.84	
109	3.00	-46.31	162.63	10.06	-2.44	1.99	
110	347.38	-57.06	162.44	9.44	4.49	2.28	
109	324.94	-72.00	-178.19	10.75	-6.18	18.90	
108	312.81	-62.19	-149.13	11.80	-4.61	17.72	
109	305.19	-61.50	-131.69	11.64	-0.92	7.60	
110	313.44	-71.56	-111.81	15.96	-7.86	20.68	
111	322.06	-55.63	-151.63	13.90	-10.48	13.91	
111	323.00	-46.63	-145.13	10.42	-3.08	-3.47	
110	337.50	-58.69	-110.62	25.08	1.13	14.12	
109	6.00	-40.69	-168.44	29.63	1.84	4.73	
108	330.88	-46.69	171.63	22.27	-7.17	-13.03	
107	292.94	-63.31	150.81	24.48	-19.57	-3.13	
108	268.13	-62.19	106.12	28.85	-19.75	1.32	
109	253.63	-48.81	98.00	26.58	-13.10	6.64	
110	253.50	-40.63	100.25	18.24	-7.79	7.21	
111	261.44	-46.25	93.44	15.66	-5.90	1.13	
108	255.31	-67.31	96.87	22.34	-7.28	-6.29	
109	237.00	-83.69	-173.75	24.47	-10.15	-9.13	
109	208.00	-52.69	-82.44	17.40	-10.91	-6.21	
108	198.25	-37.56	-79.56	11.77	-12.13	-1.85	
109	207.13	-41.31	-91.00	11.16	-16.54	3.46	
110	213.88	-47.38	-122.69	9.01	-26.27	6.32	
107	302.00	-25.37	-153.06	3.00	-24.40	4.67	
108	319.06	-16.31	-169.38	-0.02	-10.28	6.46	
107	332.88	-12.50	-178.56	-1.12	-1.95	10.68	
110	344.88	-12.56	176.38	-2.29	2.54	12.77	
111	352.81	-15.31	173.25	-2.78	4.24	14.41	
109	0.56	-18.75	171.63	-1.96	4.67	15.01	
108	6.25	-22.69	172.94	-1.00	5.28	9.35	
107	3.13	-37.06	-178.19	4.08	-1.26	1.66	
110	305.19	-59.19	-121.06	16.11	-25.69	8.50	
109	262.44	-20.75	-64.12	30.91	-32.23	25.14	
110	228.25	-15.50	-70.00	31.78	-21.51	20.95	
109	255.19	-39.75	-127.19	12.04	-33.83	6.63	
108	354.25	-21.62	-173.56	-0.69	-24.54	-3.23	
109	4.75	-24.69	-174.25	4.13	-3.01	-11.98	
108	284.44	-47.75	-123.56	16.24	-12.30	-2.95	
111	271.25	-53.94	-54.75	20.53	-22.74	11.41	
109	235.50	-54.81	-51.25	13.10	-23.39	9.75	
110	194.31	-38.25	-56.75	7.01	-19.50	-3.10	
107	162.25	-28.44	-33.38	5.76	-12.67	-11.58	
108	141.69	-24.94	-15.06	2.51	-6.18	-13.84	
107	134.38	-36.31	-21.87	0.84	-2.95	-15.89	
110	129.94	-37.94	-30.31	3.91	-4.10	-16.88	
111	122.87	-28.00	-30.81	4.02	-4.48	-16.26	
111	120.87	-23.37	-33.19	1.86	-4.83	-16.69	
108	120.87	-18.62	-35.75	0.02	-5.52	-16.15	
107	120.06	-15.38	-34.56	-1.67	-6.08	-15.77	
108	117.69	-16.75	-35.25	-2.60	-6.20	-16.55	
109	115.75	-16.56	-31.81	-2.31	-5.37	-16.61	
110	113.69	-19.62	-31.62	-1.12	-4.76	-16.67	
109	112.19	-18.75	-31.62	-0.31	-4.83	-16.30	
108	112.19	-19.19	-32.81	-0.88	-4.56	-16.61	
107	109.44	-14.50	-29.62	-1.55	-3.94	-16.74	
108	104.56	-8.75	-27.94	-2.70	-3.16	-16.15	
111	92.94	-2.94	-26.37	-3.87	-2.35	-16.75	
111	88.19	-9.69	-28.81	-1.80	-3.06	-16.57	
110	77.56	-3.38	-30.87	-0.80	-2.32	-17.17	
107	62.38	8.81	-31.69	0.04	0.08	-16.96	
108	59.31	16.00	-37.13	-2.38	-1.39	-15.37	
107	57.44	21.44	-41.81	-6.59	-3.35	-14.93	
110	53.81	29.69	-43.00	-7.79	-3.02	-14.39	
109	49.13	32.56	-47.31	-9.65	-3.37	-13.71	
110	51.63	16.37	-46.19	-9.47	-5.43	-14.84	
109	76.62	-4.38	-42.44	-4.39	-6.61	-15.94	
108	84.44	4.63	-34.06	-1.42	-4.61	-15.19	
109	78.25	1.56	-33.44	-3.33	-2.95	-16.28	
109	70.81	-10.63	-47.75	-0.93	-4.17	-16.77	
110	60.13	-10.38	-62.25	1.76	-7.54	-14.94	
109	54.56	-6.81	-64.94	2.07	-10.10	-13.31	
108	52.25	-4.56	-63.44	1.99	-10.40	-13.26	
107	47.63	-3.69	-62.31	2.03	-9.94	-13.24	
110	40.25	-0.63	-57.31	1.86	-8.77	-13.78	
107	32.38	0.69	-58.19	1.99	-8.58	-15.30	
110	25.62	2.50	-61.06	2.66	-9.33	-15.02	
111	19.12	4.56	-65.50	2.61	-10.51	-13.10	
107	257.13	22.81	161.31	1.16	-5.63	-5.89	
108	259.38	19.94	161.56	0.03	0.16	0.02	
107	259.88	16.25	161.56	-0.07	0.05	-0.73	
110	260.94	16.12	163.00	0.09	-0.10	-0.48	
109	261.81	16.00	164.44	0.17	-0.06	0.21	
110	263.81	15.88	165.13	-0.06	0.13	-0.01	
107	266.63	16.19	164.75	0.02	0.10	-0.08	
108	266.44	16.06	164.38	0.05	0.08	-0.36	
111	266.38	16.44	164.00	0.08	0.12	-0.72	
111	267.75	18.06	164.44	-0.05	0.51	-0.27	
110	270.88	19.75	167.81	0.05	0.65	0.06	
109	272.06	21.81	170.00	0.29	0.07	0.07	
108	273.13	23.81	169.19	0.07	-0.17	0.04	
107	274.63	24.94	168.19	-0.06	0.02	0.06	
108	275.19	25.69	166.44	0.04	-0.08	0.16	
109	274.75	22.37	163.13	-0.31	-0.12	0.26	
110	272.63	20.69	157.06	-0.38	-0.05	0.21	
111	271.63	20.31	161.63	-0.05	-0.12	-0.10	
109	272.44	20.19	165.13	0.06	-0.17	-0.16	
