Orientation Sensor Raw Data Test

Current Temperature: 28 C

Calibration status values: 0=uncalibrated, 3=fully calibrated
time	eul_z	eul_y	eul_x	linA_x	linA_y	linA_z	cal_sys	cal_gyr	cal_acc	cal_mag
1161	0.00	0.00	0.00	0.00	0.00	0.00	
135	0.00	0.00	0.00	0.00	0.00	0.00	
107	0.00	0.00	0.00	0.00	0.00	0.00	
108	0.00	0.00	0.00	0.00	0.00	0.00	
107	0.00	0.00	0.00	0.00	0.00	0.00	
108	13.81	-7.69	14.63	-10.97	6.05	-8.56	
107	7.75	-10.19	26.25	-17.29	7.78	-15.67	
110	5.19	-5.19	31.19	-10.13	4.03	-12.14	
109	359.13	-3.38	33.13	-8.18	4.44	-9.19	
110	324.44	-13.38	30.81	-3.96	10.36	-6.75	
107	307.56	-18.25	30.00	-1.26	13.76	-7.35	
108	295.50	-11.25	20.94	2.75	12.99	-6.68	
109	298.50	-8.00	26.87	5.24	13.65	-3.33	
108	293.63	-15.19	34.75	4.78	14.31	-2.03	
111	294.00	-18.12	24.25	8.57	19.85	-7.21	
109	324.75	-4.31	33.94	8.48	18.48	-9.28	
108	1.19	16.56	40.38	-7.56	9.04	-2.90	
107	9.69	31.56	40.75	-19.38	-0.55	-1.87	
110	359.31	35.19	35.13	-3.99	-0.22	-4.30	
109	0.56	26.37	21.31	-0.58	9.16	-6.34	
108	5.81	18.50	16.50	-24.70	3.60	-10.47	
107	355.31	26.69	11.38	-21.71	-3.56	-10.85	
108	98.81	30.44	-4.69	2.16	5.52	-10.53	
109	104.87	21.37	-9.38	-4.45	16.84	-14.86	
110	116.00	16.69	3.56	-20.51	4.06	-11.98	
111	118.19	17.31	-0.50	-11.18	-8.01	-10.81	
109	132.44	9.56	-8.56	-7.51	1.83	-13.11	
108	142.19	5.69	1.81	-23.83	-1.28	-10.97	
107	136.19	13.88	6.75	-16.14	-8.62	-8.65	
108	136.38	15.25	2.56	0.09	2.42	-9.92	
109	152.69	12.63	10.00	-16.24	1.24	-12.98	
110	150.56	23.37	18.25	-21.80	-12.66	-6.93	
111	141.38	22.87	8.06	-0.85	-2.17	-5.87	
108	151.06	21.81	5.31	-11.10	8.32	-13.60	
109	157.94	35.63	15.38	-22.62	-4.76	-5.72	
109	146.69	35.88	13.56	-6.93	-10.97	1.55	
110	144.56	29.81	2.25	-6.56	0.60	-4.31	
109	146.06	27.94	2.00	-17.97	3.63	-6.95	
108	144.19	31.25	6.00	-15.67	-0.72	-5.49	
107	140.31	31.31	8.63	-9.12	-3.98	-2.73	
108	132.44	19.69	11.94	-13.19	-4.87	-5.36	
109	116.31	20.81	2.88	-20.11	9.59	-16.04	
110	102.87	25.62	11.06	-5.32	16.78	-13.76	
111	120.81	25.25	6.19	-9.45	-8.07	-3.51	
107	111.56	26.31	-4.19	-20.17	-2.14	-11.69	
108	118.87	33.25	-1.94	-7.87	12.94	-10.17	
107	136.75	32.38	-12.50	-16.35	-3.30	-1.55	
110	129.19	40.88	-19.19	-11.90	-6.06	-3.96	
109	115.94	39.19	-21.50	3.22	7.64	-6.77	
110	123.25	32.38	-21.06	-15.05	0.94	-4.89	
107	115.94	37.06	-26.94	-14.90	-7.50	-3.11	
108	121.19	29.50	-33.13	-9.96	6.33	-8.86	
107	129.25	27.19	-26.00	-22.71	-1.68	-7.44	
110	126.19	29.19	-23.56	-10.59	-9.85	-5.43	
111	133.25	23.00	-21.75	-10.11	0.73	-7.73	
107	143.63	23.06	-14.00	-24.06	-5.54	-4.07	
108	133.38	29.81	-11.13	-14.27	-12.47	-3.72	
107	129.75	29.81	-16.25	-6.56	2.07	-8.35	
108	139.44	29.44	-11.31	-17.71	2.40	-7.32	
107	137.81	35.25	-6.06	-16.72	-9.68	-2.67	
110	129.06	36.38	-11.44	-7.78	-2.83	-3.12	
109	133.75	34.19	-15.25	-17.39	1.52	-6.24	
108	126.56	41.63	-10.50	-17.74	-6.49	0.32	
107	118.19	39.31	-18.81	-5.28	-1.29	-0.40	
108	120.50	30.87	-17.19	-12.14	2.91	-7.83	
109	117.69	29.06	-11.19	-18.31	0.06	-7.26	
110	108.25	26.12	-1.37	-10.64	7.15	-9.43	
111	107.25	22.75	14.75	-10.05	14.33	-10.89	
109	107.00	16.75	33.81	-6.42	12.69	-13.13	
110	125.81	21.69	46.19	-10.26	-6.37	-4.25	
109	126.81	21.81	31.25	-23.62	-2.65	-10.48	
110	120.56	22.19	42.56	-16.91	9.37	-12.34	
109	129.31	28.81	43.56	-13.15	5.04	0.40	
108	125.94	35.44	42.94	-14.81	1.38	-0.30	
109	109.06	22.62	33.44	-0.25	5.87	-3.07	
111	120.00	18.94	33.13	-13.46	7.76	-7.61	
110	113.00	16.81	35.00	-22.21	-2.07	-2.80	
109	111.62	18.62	22.31	1.29	10.07	-7.59	
108	126.44	14.00	23.81	-9.26	16.18	-15.72	
107	128.13	14.06	34.38	-23.68	1.25	-8.73	
108	120.75	12.44	33.81	-8.05	-0.08	-6.05	
109	132.00	17.56	35.88	-5.94	11.32	-8.79	
110	142.44	25.06	47.56	-22.95	3.57	-3.30	
111	129.88	23.69	50.63	-16.67	-5.29	1.02	
109	122.00	20.69	41.06	-1.12	6.83	-2.45	
108	131.00	27.06	39.50	-11.87	11.53	-6.39	
109	130.75	34.25	48.88	-21.07	0.70	-1.35	
110	115.87	27.56	48.81	-6.15	0.12	1.93	
109	116.56	23.81	39.56	-10.54	5.40	-3.39	
108	112.81	16.31	43.13	-19.40	7.34	-6.61	
107	108.69	12.63	48.44	-8.60	6.91	-5.33	
108	109.81	6.88	46.25	-9.28	-0.07	-2.85	
111	98.81	4.00	21.37	-17.74	14.98	-15.64	
111	88.94	19.37	15.75	-7.87	25.80	-21.81	
110	101.69	29.75	24.12	10.84	9.20	-6.16	
107	128.44	34.69	2.13	-12.46	-9.43	-0.85	
108	115.75	36.75	-4.00	-23.52	-1.43	-10.46	
109	133.38	43.94	-5.13	-15.36	2.84	-6.87	
108	126.31	51.88	-4.94	-19.18	-14.09	4.85	
109	104.62	51.88	-1.06	-1.37	1.46	1.82	
110	120.44	48.00	-17.56	-14.15	3.05	1.27	
109	112.62	52.50	-18.00	-20.62	-8.96	4.98	
111	110.37	48.75	-32.06	-2.73	4.04	-2.25	
110	123.31	38.63	-30.37	-19.03	2.61	-7.44	
109	122.06	40.44	-22.50	-18.95	-8.24	-2.89	
110	125.37	36.31	-27.56	-7.35	0.12	-5.66	
107	139.50	32.13	-21.19	-21.92	-1.89	-6.56	
108	135.44	39.31	-13.44	-18.52	-12.29	-0.87	
109	129.06	41.88	-13.13	-6.19	-0.18	-4.12	
108	143.19	46.00	-10.25	-18.82	-1.75	-0.92	
109	134.56	51.38	-1.00	-20.26	-12.97	4.68	
110	117.06	50.31	2.63	-8.50	-3.48	0.95	
109	112.62	48.06	-0.94	-11.65	4.43	-2.16	
109	112.12	46.69	1.00	-14.65	5.53	-4.29	
110	122.31	49.56	-3.69	-15.34	2.36	-2.37	
109	128.56	54.69	-3.13	-17.23	-6.13	2.41	
110	122.81	55.44	6.44	-12.26	-10.28	2.99	
107	112.75	42.63	11.75	-13.89	-5.11	3.08	
108	95.50	47.75	-18.25	-18.76	7.41	-6.83	
107	85.06	58.25	-27.19	-7.18	14.66	-14.61	
110	107.81	52.88	-39.44	-1.28	-5.77	2.71	
111	118.06	34.19	-63.56	-14.57	-10.71	-1.54	
109	120.81	35.63	-69.25	-18.09	3.49	-10.02	
110	135.13	33.19	-72.19	-15.55	-9.52	3.28	
109	109.12	53.75	-82.06	-7.37	-12.76	6.05	
110	105.00	50.81	-81.00	-7.63	0.14	-1.47	
109	109.31	46.81	-84.69	-15.51	-5.23	-0.12	
110	97.94	47.31	-96.56	-8.87	-2.23	2.75	
109	111.00	35.06	-89.06	-16.05	5.19	-2.06	
109	116.31	35.38	-79.94	-19.56	-7.84	1.38	
110	115.31	35.31	-80.00	-7.16	-7.67	2.65	
109	131.94	21.81	-71.19	-15.63	-3.55	-1.30	
110	139.69	24.31	-67.19	-19.41	-17.79	4.32	
107	122.62	35.31	-71.75	-3.55	-12.23	4.76	
108	135.75	26.56	-70.94	-12.66	-4.01	1.74	
107	131.81	37.06	-73.50	-18.22	-14.54	7.32	
110	114.44	46.31	-85.75	-5.58	-8.16	7.55	
111	106.56	47.94	-84.19	-9.26	0.63	3.78	
109	101.06	55.00	-76.56	-14.99	2.46	-0.18	
108	100.75	61.38	-35.38	-11.95	6.22	-1.59	
107	109.50	48.44	15.50	-10.36	3.50	-2.36	
108	110.37	19.44	49.31	-18.10	0.62	-0.95	
109	98.37	7.63	52.44	-15.49	12.77	-4.40	
110	86.69	-2.13	74.56	2.24	12.92	-2.04	
109	110.62	9.19	82.94	-14.28	-11.36	11.54	
108	95.37	-4.13	70.44	-13.59	5.11	1.91	
107	101.50	9.94	82.12	-3.94	17.47	-2.75	
110	88.81	9.63	78.87	-9.46	-1.64	7.04	
111	74.87	-5.81	61.00	8.75	11.32	-0.08	
109	92.50	1.63	64.81	-4.75	18.73	-7.07	
108	89.69	0.37	66.19	-13.15	6.71	-1.72	
107	89.25	-3.00	56.56	3.70	14.24	-2.21	
108	107.62	5.94	63.31	-14.71	17.11	-7.44	
109	99.37	1.25	70.19	-14.10	6.54	-2.94	
110	112.81	12.13	71.50	-6.14	13.32	-2.74	
109	117.87	19.69	87.50	-25.03	2.31	3.03	
108	95.44	-1.56	80.37	-6.91	1.78	2.99	
109	111.94	14.56	89.31	-6.51	14.00	-5.62	
108	96.44	9.69	100.12	-15.13	-0.25	7.56	
111	78.37	-12.63	83.44	3.99	4.59	8.14	
107	84.62	-10.44	76.81	-0.12	17.63	-3.31	
110	85.31	-8.56	78.06	-8.35	14.80	-0.33	
107	80.06	-16.81	85.12	-1.85	9.75	5.21	
108	93.81	-15.06	91.56	-3.46	7.44	3.62	
107	95.50	-22.19	85.37	0.01	17.91	-2.65	
110	106.12	-19.06	91.12	9.69	16.64	2.90	
109	130.69	-10.19	68.12	-14.06	6.12	-4.51	
110	110.75	-24.56	51.06	-8.70	15.59	-16.13	
109	122.81	-14.75	69.12	-1.66	7.14	-10.99	
111	126.75	-12.31	69.31	-19.51	7.64	-10.19	
110	116.31	-5.13	68.44	-8.51	8.32	-8.39	
109	101.06	-15.00	46.00	11.76	7.08	-13.59	
110	120.25	-12.44	53.75	-6.20	5.59	-15.28	
107	113.00	-18.81	49.00	-14.48	-4.23	-7.95	
108	120.50	-21.31	36.63	10.85	14.23	-13.19	
109	133.38	-23.56	49.81	-6.50	13.22	-18.60	
108	127.56	-25.50	53.31	-9.02	0.99	-12.42	
109	144.31	-19.12	57.56	-4.68	11.90	-13.35	
111	148.69	-9.69	76.56	-18.58	10.69	-14.59	
108	132.63	-13.44	71.44	-4.74	2.70	-12.57	
109	137.31	-8.94	66.69	-6.38	13.85	-15.07	
110	134.38	1.50	78.12	-19.90	7.39	-7.34	
109	116.75	-2.13	68.81	0.74	-2.21	0.28	
110	128.44	-3.25	53.63	-6.56	6.46	-9.62	
107	117.50	-9.13	54.19	-19.96	9.54	-14.42	
108	109.31	-10.63	51.19	-1.73	6.01	-4.71	
109	112.06	-18.94	36.81	1.07	6.92	-9.12	
108	110.87	-33.56	23.19	-4.64	8.45	-17.80	
111	98.12	-30.69	10.44	-4.28	10.07	-17.04	
109	103.19	-28.06	-1.00	-1.78	9.84	-17.39	
108	107.81	-27.75	-6.06	-2.22	3.94	-16.98	
107	110.94	-32.44	-10.56	-1.18	1.87	-15.90	
110	113.75	-33.88	-15.06	-0.93	-1.55	-14.28	
109	112.56	-29.19	-20.69	-1.47	-3.57	-13.82	
108	111.44	-30.12	-20.00	-1.13	-1.68	-15.19	
107	113.87	-31.12	-19.87	-0.89	-1.75	-15.08	
108	117.87	-30.19	-24.00	-0.55	-2.51	-14.76	
109	122.12	-33.31	-24.75	-1.19	-3.69	-14.67	
110	123.94	-34.38	-26.12	-1.33	-4.02	-16.60	
111	124.00	-34.94	-25.56	-0.93	-3.85	-16.64	
109	123.87	-35.00	-26.62	-0.33	-3.57	-15.26	
108	124.94	-34.38	-27.06	0.09	-2.99	-14.35	
107	126.12	-34.38	-27.69	-0.22	-3.13	-14.05	
